1 -0.269546 0.773854 -0.266924
2 -0.390751 1.684058 -0.942824
3 -0.265769 1.489835 -1.226789
4 -0.144564 0.579630 -0.550889
5 0.080084 -0.667510 -0.100337
6 0.377820 -1.578039 0.604810
7 0.409984 -1.318652 0.926166
8 0.112248 -0.408122 0.221020
9 0.380744 -1.554458 0.634024
10 0.083008 -0.643929 -0.071122
11 0.406411 -1.347472 0.890460
12 0.108674 -0.436943 0.185313
13 0.086812 -0.688087 -0.084401
14 0.118976 -0.428699 0.236955
15 0.089736 -0.664506 -0.055187
16 0.115403 -0.457520 0.201249
17 0.370692 -1.556239 0.587927
18 0.402856 -1.296852 0.909284
19 0.373616 -1.532658 0.617141
20 0.399282 -1.325672 0.873577
21 0.336358 -1.451241 0.506613
22 0.368523 -1.191854 0.827970
23 0.339282 -1.427661 0.535827
24 0.364949 -1.220675 0.792263
25 0.329240 -1.429473 0.489755
26 0.361405 -1.170086 0.811112
27 0.332164 -1.405893 0.518970
28 0.357831 -1.198907 0.775405
29 0.124980 -0.804810 0.005994
30 0.157144 -0.545422 0.327350
31 0.127904 -0.781229 0.035208
32 0.153570 -0.574243 0.291644
33 0.131677 -0.825291 0.021855
34 0.163841 -0.565903 0.343211
35 0.134601 -0.801710 0.051069
36 0.160267 -0.594724 0.307505
37 0.170185 -0.943055 0.113056
38 0.202349 -0.683668 0.434412
39 0.173109 -0.919475 0.142270
40 0.198776 -0.712489 0.398706
41 0.178138 -0.967376 0.131891
42 0.210302 -0.707989 0.453247
43 0.181062 -0.943796 0.161105
44 0.206728 -0.736809 0.417541
45 0.288751 -1.305652 0.393863
46 0.320916 -1.046264 0.715220
47 0.291676 -1.282071 0.423078
48 0.317342 -1.075085 0.679513
49 0.279534 -1.277462 0.372032
50 0.311698 -1.018075 0.693389
51 0.282458 -1.253881 0.401247
52 0.308124 -1.046895 0.657682
53 0.221713 -1.100636 0.235092
54 0.253877 -0.841249 0.556448
55 0.224637 -1.077055 0.264306
56 0.250303 -0.870070 0.520742
57 0.232188 -1.132670 0.259900
58 0.264352 -0.873282 0.581256
59 0.235112 -1.109089 0.289114
60 0.260778 -0.902103 0.545550
61 0.394889 -1.440385 0.775351
62 0.097153 -0.529855 0.070204
63 0.103881 -0.550432 0.086140
64 0.387761 -1.418584 0.758468
65 0.353428 -1.313587 0.677154
66 0.346310 -1.291819 0.660296
67 0.142049 -0.667155 0.176535
68 0.148746 -0.687636 0.192396
69 0.187254 -0.805401 0.283597
70 0.195207 -0.829722 0.302432
71 0.305821 -1.167997 0.564404
72 0.296603 -1.139808 0.542573
73 0.238782 -0.962982 0.405633
74 0.249257 -0.995015 0.430441
75 0.392139 -1.462565 0.747871
76 0.094402 -0.552036 0.042724
77 0.101131 -0.572613 0.058660
78 0.385011 -1.440765 0.730988
79 0.350677 -1.335768 0.649674
80 0.343559 -1.314000 0.632816
81 0.139299 -0.689336 0.149054
82 0.145996 -0.709817 0.164915
83 0.184504 -0.827582 0.256116
84 0.192457 -0.851903 0.274951
85 0.303070 -1.190178 0.536924
86 0.293853 -1.161989 0.515093
87 0.236032 -0.985163 0.378153
88 0.246507 -1.017196 0.402961
89 0.104832 -0.467929 0.146924
90 0.111560 -0.488506 0.162860
91 0.128088 -0.355216 0.327993
92 0.121360 -0.334639 0.312058
93 0.115502 -0.381878 0.253533
94 0.122231 -0.402455 0.269469
95 0.324062 -1.019689 0.747477
96 0.329919 -0.972450 0.806001
97 0.321021 -0.945237 0.784927
98 0.315163 -0.992476 0.726402
99 -0.055467 0.068067 -0.132846
100 -0.057448 0.052088 -0.152643
101 -0.059624 0.034540 -0.174383
102 -0.091180 0.046909 -0.145087
103 -0.093356 0.029361 -0.166828
104 0.053275 -0.445448 0.197723
105 0.060103 -0.390383 0.265943
106 -0.089198 0.062889 -0.125290
107 0.259764 -1.000981 0.738812
108 0.256299 -1.026579 0.705798
109 0.268662 -1.028194 0.759886
110 0.265516 -1.054769 0.727629
111 0.066831 -0.410960 0.281878
112 0.265622 -0.953742 0.797336
113 0.072689 -0.363721 0.340403
114 0.274520 -0.980955 0.818411
115 0.063577 -0.437204 0.249365
116 0.065960 -0.343144 0.324467
117 0.056161 -0.497011 0.175269
118 0.060003 -0.466025 0.213658
119 0.048482 -0.558937 0.098549
120 0.049432 -0.476434 0.159334
121 0.041754 -0.538360 0.082614
122 0.191107 -1.025701 0.415370
123 0.238453 -1.170493 0.527503
124 0.137057 -0.860407 0.287361
125 0.180632 -0.993667 0.390562
126 0.288160 -1.322505 0.645226
127 0.247671 -1.198683 0.549334
128 0.129104 -0.836086 0.268526
129 0.090596 -0.718322 0.177325
130 0.083899 -0.697841 0.161464
131 0.045732 -0.581118 0.071069
132 0.295278 -1.344272 0.662084
133 0.329611 -1.449270 0.743398
134 0.179712 -1.117594 0.301524
135 0.169237 -1.085560 0.276716
136 0.227058 -1.262386 0.413656
137 0.236276 -1.290576 0.435487
138 0.125662 -0.952300 0.173515
139 0.117710 -0.927979 0.154680
140 0.079202 -0.810215 0.063479
141 0.072504 -0.789734 0.047618
142 0.276765 -1.414397 0.531379
143 0.283883 -1.436165 0.548237
144 0.318216 -1.541163 0.629551
145 0.034337 -0.673011 -0.042777
146 0.039003 -0.560541 0.055134
147 0.027608 -0.652434 -0.058713
148 0.336740 -1.471070 0.760280
149 0.325345 -1.562963 0.646434
150 0.339490 -1.448889 0.787760
151 0.193858 -1.003520 0.442851
152 0.241204 -1.148312 0.554983
153 0.183383 -0.971486 0.418043
154 0.139808 -0.838226 0.314841
155 0.250421 -1.176502 0.576814
156 0.290910 -1.300324 0.672706
157 0.093347 -0.696141 0.204805
158 0.131855 -0.813905 0.296006
159 0.086650 -0.675660 0.188944
160 0.332362 -1.427089 0.770878
161 0.298028 -1.322091 0.689564
162 0.205379 -0.910608 0.557960
163 0.194904 -0.878574 0.533152
164 0.252725 -1.055400 0.670092
165 0.261943 -1.083590 0.691923
166 0.151329 -0.745314 0.429950
167 0.143376 -0.720993 0.411115
168 0.104868 -0.603229 0.319914
169 0.098171 -0.582748 0.304053
170 0.302431 -1.207412 0.787815
171 0.309549 -1.229179 0.804673
172 0.343883 -1.334177 0.885987
173 0.351011 -1.355977 0.902870
174 0.208953 -0.881787 0.593666
175 0.198478 -0.849753 0.568858
176 0.166313 -1.109141 0.247502
177 0.176788 -1.141175 0.272310
178 0.224134 -1.285967 0.384442
179 0.154903 -0.716493 0.465657
180 0.122738 -0.975881 0.144300
181 0.233352 -1.314157 0.406273
182 0.306005 -1.178591 0.823521
183 0.273841 -1.437978 0.502165
184 0.146950 -0.692172 0.446822
185 0.114786 -0.951560 0.125465
186 0.108442 -0.574408 0.355621
187 0.076278 -0.833796 0.034264
188 0.101745 -0.553927 0.339760
189 0.069580 -0.813315 0.018403
190 0.031413 -0.696591 -0.071992
191 0.313123 -1.200359 0.840379
192 0.280959 -1.459746 0.519023
193 0.347457 -1.305356 0.921693
194 0.315292 -1.564744 0.600337
195 0.354585 -1.327156 0.938576
196 0.322421 -1.586544 0.617220
197 0.024684 -0.676014 -0.087927
198 0.056848 -0.416627 0.233429
199 0.133166 -0.819090 -0.163128
200 0.418554 -1.691854 0.512772
201 0.446976 -1.462648 0.796737
202 0.161588 -0.589884 0.120837
203 -0.087178 -0.025852 -0.879215
204 0.145190 -0.666113 -1.793586
205 0.285027 -0.925479 -1.576435
206 0.052659 -0.285217 -0.662065
207 -0.076472 0.019009 -0.883883
208 0.165950 -0.648958 -1.837819
209 0.324201 -0.942476 -1.592075
210 0.081779 -0.274509 -0.638139
211 0.180337 -0.675641 -1.815478
212 -0.062086 -0.007674 -0.861542
213 0.306617 -0.909863 -1.619380
214 0.064195 -0.241896 -0.665444
215 -0.070994 0.003914 -0.905441
216 0.087257 -0.289604 -0.659697
217 -0.056607 -0.022770 -0.883100
218 0.069674 -0.256991 -0.687001
219 0.160146 -0.632965 -1.814980
220 0.318397 -0.926483 -1.569236
221 0.174532 -0.659649 -1.792639
222 0.300813 -0.893870 -1.596541
223 0.132191 -0.555939 -1.704976
224 0.290442 -0.849457 -1.459232
225 0.146577 -0.582622 -1.682636
226 0.272858 -0.816844 -1.486537
227 0.126396 -0.539970 -1.682171
228 0.284646 -0.833488 -1.436427
229 0.140782 -0.566653 -1.659830
230 0.267063 -0.800875 -1.463732
231 -0.039917 -0.081715 -1.027728
232 0.118334 -0.375233 -0.781985
233 -0.025530 -0.108399 -1.005388
234 0.100751 -0.342620 -0.809290
235 -0.034464 -0.096740 -1.049186
236 0.123787 -0.390258 -0.803442
237 -0.020077 -0.123423 -1.026845
238 0.106203 -0.357645 -0.830747
239 -0.003110 -0.183132 -1.172564
240 0.155141 -0.476650 -0.926820
241 0.011277 -0.209816 -1.150224
242 0.137557 -0.444037 -0.954125
243 0.003365 -0.200974 -1.198045
244 0.161616 -0.494492 -0.952300
245 0.017752 -0.227657 -1.175704
246 0.144033 -0.461879 -0.979605
247 0.093429 -0.449134 -1.552446
248 0.251680 -0.742652 -1.306702
249 0.107815 -0.475817 -1.530106
250 0.234096 -0.710039 -1.334007
251 0.085924 -0.428454 -1.522913
252 0.244174 -0.721972 -1.277169
253 0.100310 -0.455137 -1.500572
254 0.226591 -0.689359 -1.304474
255 0.038845 -0.298734 -1.337657
256 0.197096 -0.592252 -1.091913
257 0.053231 -0.325417 -1.315317
258 0.179512 -0.559639 -1.119218
259 0.047374 -0.322234 -1.371218
260 0.205624 -0.615752 -1.125474
261 0.061760 -0.348917 -1.348878
262 0.188041 -0.583139 -1.152779
263 0.249932 -0.804725 -1.707405
264 0.007510 -0.136758 -0.753469
265 0.012989 -0.151854 -0.775027
266 0.244128 -0.788733 -1.684566
267 0.216173 -0.711706 -1.574562
268 0.210378 -0.695737 -1.551757
269 0.044066 -0.237482 -0.897314
270 0.049518 -0.252507 -0.918772
271 0.080872 -0.338899 -1.042150
272 0.087348 -0.356741 -1.067630
273 0.177411 -0.604901 -1.422032
274 0.169906 -0.584221 -1.392499
275 0.122827 -0.454501 -1.207243
276 0.131356 -0.478001 -1.240804
277 0.236400 -0.779626 -1.728419
278 -0.006022 -0.111659 -0.774483
279 -0.000544 -0.126754 -0.796041
280 0.230596 -0.763633 -1.705580
281 0.202641 -0.686606 -1.595577
282 0.196845 -0.670637 -1.572771
283 0.030533 -0.212383 -0.918329
284 0.035986 -0.227408 -0.939786
285 0.067340 -0.313800 -1.063164
286 0.073815 -0.331642 -1.088645
287 0.163879 -0.579802 -1.443047
288 0.156373 -0.559122 -1.413513
289 0.109295 -0.429402 -1.228258
290 0.117823 -0.452902 -1.261818
291 0.045291 -0.206832 -0.694800
292 0.050769 -0.221928 -0.716358
293 0.132089 -0.372756 -0.590079
294 0.126610 -0.357661 -0.568521
295 0.097790 -0.304206 -0.613275
296 0.103268 -0.319301 -0.634833
297 0.267603 -0.772106 -1.281492
298 0.296423 -0.825561 -1.236738
299 0.289178 -0.805597 -1.208228
300 0.260357 -0.752143 -1.252982
301 -0.053099 0.057683 -0.136580
302 -0.062848 0.075765 -0.151719
303 -0.073554 0.095622 -0.168344
304 -0.094354 0.060830 -0.149268
305 -0.105060 0.080687 -0.165893
306 0.012450 -0.266424 -0.661418
307 0.046045 -0.328735 -0.609250
308 -0.084605 0.042748 -0.134129
309 0.208612 -0.776671 -1.248957
310 0.192429 -0.746500 -1.273144
311 0.215857 -0.796634 -1.277467
312 0.199934 -0.767180 -1.302677
313 0.051523 -0.343830 -0.630808
314 0.237432 -0.830126 -1.204202
315 0.080343 -0.397285 -0.586054
316 0.244677 -0.850089 -1.232712
317 0.035512 -0.314133 -0.655671
318 0.074865 -0.382189 -0.564496
319 -0.000976 -0.246456 -0.712333
320 0.017928 -0.281520 -0.682976
321 -0.038757 -0.176382 -0.771001
322 -0.006455 -0.231361 -0.690775
323 -0.044235 -0.161287 -0.749443
324 0.066078 -0.477430 -1.257793
325 0.104628 -0.583650 -1.409488
326 0.022070 -0.356170 -1.084619
327 0.057549 -0.453930 -1.224232
328 0.145100 -0.695166 -1.568746
329 0.112133 -0.604330 -1.439021
330 0.015594 -0.338328 -1.059139
331 -0.015759 -0.251936 -0.935760
332 -0.021212 -0.236911 -0.914303
333 -0.052289 -0.151283 -0.792015
334 0.150895 -0.711135 -1.591551
335 0.178850 -0.788162 -1.701555
336 0.010015 -0.373446 -1.344852
337 0.001486 -0.349946 -1.311292
338 0.048565 -0.479666 -1.496547
339 0.056070 -0.500346 -1.526081
340 -0.033994 -0.252186 -1.171679
341 -0.040469 -0.234344 -1.146198
342 -0.071823 -0.147952 -1.022820
343 -0.077276 -0.132927 -1.001363
344 0.089037 -0.591181 -1.655805
345 0.094832 -0.607151 -1.678611
346 0.122787 -0.684177 -1.788614
347 -0.108352 -0.047298 -0.879075
348 -0.057768 -0.136187 -0.770457
349 -0.113831 -0.032203 -0.857517
350 0.184654 -0.804154 -1.724394
351 0.128591 -0.700170 -1.811453
352 0.198187 -0.829254 -1.703380
353 0.079611 -0.502530 -1.236779
354 0.118160 -0.608750 -1.388474
355 0.071082 -0.479030 -1.203218
356 0.035602 -0.381270 -1.063605
357 0.125666 -0.629430 -1.418007
358 0.158632 -0.720266 -1.547731
359 -0.002227 -0.277036 -0.914746
360 0.029127 -0.363428 -1.038125
361 -0.007680 -0.262011 -0.893289
362 0.192383 -0.813261 -1.680540
363 0.164428 -0.736235 -1.570537
364 0.136296 -0.607667 -1.148754
365 0.127767 -0.584167 -1.115193
366 0.174846 -0.713887 -1.300448
367 0.182351 -0.734567 -1.329982
368 0.092287 -0.486407 -0.975580
369 0.085812 -0.468565 -0.950100
370 0.054458 -0.382173 -0.826721
371 0.049005 -0.367148 -0.805264
372 0.215317 -0.825403 -1.459706
373 0.221113 -0.841372 -1.482512
374 0.249068 -0.918399 -1.592515
375 0.254872 -0.934391 -1.615354
376 0.153879 -0.640280 -1.121449
377 0.145350 -0.616780 -1.087888
378 -0.012900 -0.323262 -1.333632
379 -0.004372 -0.346762 -1.367193
380 0.034178 -0.452982 -1.518887
381 0.109871 -0.519020 -0.948275
382 -0.048380 -0.225502 -1.194019
383 0.041683 -0.473662 -1.548421
384 0.232901 -0.858016 -1.432402
385 0.074650 -0.564498 -1.678145
386 0.103395 -0.501179 -0.922795
387 -0.054855 -0.207661 -1.168539
388 0.072041 -0.414786 -0.799416
389 -0.086209 -0.121268 -1.045160
390 0.066589 -0.399761 -0.777959
391 -0.091662 -0.106243 -1.023703
392 -0.122739 -0.020615 -0.901415
393 0.238696 -0.873985 -1.455207
394 0.080446 -0.580467 -1.700951
395 0.266651 -0.951012 -1.565210
396 0.108401 -0.657494 -1.810954
397 0.272456 -0.967004 -1.588050
398 0.114205 -0.673486 -1.833794
399 -0.128217 -0.005519 -0.879857
400 0.030033 -0.299037 -0.634113
401 -0.250682 0.782943 -0.225567
402 -0.377133 1.732533 -0.930714
403 -0.235693 1.512734 -1.252070
404 -0.109243 0.563145 -0.546923
405 -0.364275 1.712551 -0.959928
406 -0.237824 0.762961 -0.254782
407 -0.251409 1.537157 -1.216364
408 -0.124958 0.587567 -0.511217
409 -0.253540 0.804403 -0.241503
410 -0.112100 0.584604 -0.562859
411 -0.240682 0.784421 -0.270717
412 -0.127816 0.609026 -0.527153
413 -0.374106 1.709798 -0.913831
414 -0.232666 1.489999 -1.235188
415 -0.361247 1.689816 -0.943046
416 -0.248381 1.514421 -1.199481
417 -0.359524 1.600295 -0.832517
418 -0.218084 1.380497 -1.153873
419 -0.346666 1.580314 -0.861731
420 -0.233800 1.404919 -1.118167
421 -0.356501 1.577594 -0.815659
422 -0.215061 1.357795 -1.137016
423 -0.343643 1.557612 -0.844874
424 -0.230777 1.382218 -1.101309
425 -0.269750 0.926133 -0.331898
426 -0.128310 0.706335 -0.653254
427 -0.256892 0.906152 -0.361112
428 -0.144026 0.730757 -0.617548
429 -0.272594 0.947493 -0.347759
430 -0.131155 0.727694 -0.669115
431 -0.259736 0.927511 -0.376973
432 -0.146870 0.752116 -0.633409
433 -0.288949 1.070309 -0.438960
434 -0.147509 0.850511 -0.760316
435 -0.276091 1.050328 -0.468174
436 -0.163225 0.874933 -0.724610
437 -0.292327 1.095673 -0.457795
438 -0.150887 0.875875 -0.779151
439 -0.279468 1.075692 -0.487009
440 -0.166602 0.900297 -0.743445
441 -0.339305 1.448460 -0.719768
442 -0.197865 1.228662 -1.041124
443 -0.326447 1.428479 -0.748982
444 -0.213581 1.253084 -1.005417
445 -0.335390 1.419062 -0.697937
446 -0.193951 1.199263 -1.019293
447 -0.322532 1.399080 -0.727151
448 -0.209666 1.223685 -0.983586
449 -0.310833 1.234650 -0.560996
450 -0.169394 1.014852 -0.882352
451 -0.297975 1.214668 -0.590210
452 -0.185109 1.039274 -0.846646
453 -0.315282 1.268058 -0.585804
454 -0.173842 1.048260 -0.907160
455 -0.302424 1.248076 -0.615018
456 -0.189558 1.072682 -0.871454
457 -0.302072 1.615888 -1.101255
458 -0.175622 0.666298 -0.396108
459 -0.178479 0.687758 -0.412044
460 -0.299045 1.593153 -1.084372
461 -0.284463 1.483651 -1.003058
462 -0.281440 1.460949 -0.986200
463 -0.194689 0.809488 -0.502439
464 -0.197534 0.830848 -0.518300
465 -0.213888 0.953664 -0.609501
466 -0.217266 0.979028 -0.628336
467 -0.264244 1.331815 -0.890308
468 -0.260329 1.302417 -0.868477
469 -0.235772 1.118005 -0.731537
470 -0.240221 1.151413 -0.756345
471 -0.314167 1.634683 -1.073775
472 -0.187716 0.685094 -0.368628
473 -0.190574 0.706553 -0.384564
474 -0.311140 1.611948 -1.056892
475 -0.296558 1.502446 -0.975578
476 -0.293535 1.479744 -0.958720
477 -0.206784 0.828284 -0.474958
478 -0.209629 0.849643 -0.490819
479 -0.225983 0.972460 -0.582020
480 -0.229361 0.997824 -0.600855
481 -0.276339 1.350611 -0.862828
482 -0.272424 1.321212 -0.840997
483 -0.247867 1.136801 -0.704057
484 -0.252316 1.170209 -0.728865
485 -0.141854 0.613824 -0.472828
486 -0.144712 0.635283 -0.488764
487 -0.072031 0.522337 -0.653897
488 -0.069174 0.500877 -0.637962
489 -0.094932 0.540906 -0.579437
490 -0.097790 0.562366 -0.595373
491 -0.183509 1.206078 -1.073381
492 -0.157750 1.166049 -1.131905
493 -0.153971 1.137669 -1.110831
494 -0.179730 1.177698 -1.052306
495 -0.053929 0.061323 -0.193058
496 -0.062642 0.074864 -0.173261
497 -0.072211 0.089734 -0.151521
498 -0.095284 0.064906 -0.180817
499 -0.104852 0.079776 -0.159076
500 -0.178568 0.571213 -0.523627
501 -0.148542 0.524552 -0.591847
502 -0.086571 0.051366 -0.200614
503 -0.233339 1.161344 -1.064716
504 -0.247560 1.182909 -1.031702
505 -0.237119 1.189724 -1.085790
506 -0.251475 1.212308 -1.053533
507 -0.151399 0.546012 -0.607782
508 -0.207581 1.121315 -1.123240
509 -0.125641 0.505983 -0.666307
510 -0.211360 1.149695 -1.144315
511 -0.165710 0.568250 -0.575269
512 -0.122783 0.484523 -0.650371
513 -0.198322 0.618929 -0.501173
514 -0.181425 0.592672 -0.539562
515 -0.232089 0.671404 -0.424453
516 -0.195464 0.597470 -0.485238
517 -0.229231 0.649944 -0.408518
518 -0.305926 1.153855 -0.741274
519 -0.326034 1.304858 -0.853407
520 -0.282970 0.981470 -0.613265
521 -0.301477 1.120447 -0.716466
522 -0.347145 1.463390 -0.971130
523 -0.329949 1.334257 -0.875238
524 -0.279593 0.956106 -0.594430
525 -0.263238 0.833289 -0.503229
526 -0.260394 0.811930 -0.487368
527 -0.244184 0.690199 -0.396973
528 -0.350168 1.486092 -0.987988
529 -0.364749 1.595594 -1.069302
530 -0.356033 1.231722 -0.627428
531 -0.351585 1.198314 -0.602620
532 -0.376141 1.382726 -0.739560
533 -0.380056 1.412125 -0.761391
534 -0.333078 1.059338 -0.499419
535 -0.329700 1.033973 -0.480584
536 -0.313346 0.911157 -0.389383
537 -0.310501 0.889798 -0.373522
538 -0.397252 1.541258 -0.857283
539 -0.400275 1.563960 -0.874141
540 -0.414857 1.673462 -0.955455
541 -0.294291 0.768067 -0.283127
542 -0.241326 0.668740 -0.381038
543 -0.291434 0.746607 -0.267191
544 -0.367777 1.618329 -1.086184
545 -0.417884 1.696197 -0.972338
546 -0.355682 1.599534 -1.113665
547 -0.293831 1.135059 -0.768755
548 -0.313939 1.286062 -0.880887
549 -0.289382 1.101651 -0.743947
550 -0.270875 0.962674 -0.640745
551 -0.317854 1.315462 -0.902718
552 -0.335050 1.444595 -0.998610
553 -0.251143 0.814494 -0.530709
554 -0.267498 0.937310 -0.621910
555 -0.248299 0.793134 -0.514848
556 -0.352654 1.576799 -1.096782
557 -0.338073 1.467297 -1.015468
558 -0.243167 1.056328 -0.883864
559 -0.238719 1.022920 -0.859056
560 -0.263276 1.207331 -0.995996
561 -0.267190 1.236730 -1.017827
562 -0.220212 0.883943 -0.755854
563 -0.216834 0.858579 -0.737019
564 -0.200480 0.735762 -0.645818
565 -0.197635 0.714403 -0.629957
566 -0.284386 1.365864 -1.113719
567 -0.287409 1.388565 -1.130577
568 -0.301991 1.498067 -1.211891
569 -0.305018 1.520802 -1.228774
570 -0.227452 1.031906 -0.919570
571 -0.223003 0.998498 -0.894762
572 -0.364443 1.218296 -0.573406
573 -0.368891 1.251704 -0.598214
574 -0.389000 1.402707 -0.710346
575 -0.204496 0.859521 -0.791561
576 -0.345936 1.079319 -0.470204
577 -0.392914 1.432106 -0.732177
578 -0.268671 1.341442 -1.149425
579 -0.410110 1.561240 -0.828069
580 -0.201119 0.834157 -0.772726
581 -0.342558 1.053955 -0.451369
582 -0.184764 0.711340 -0.681525
583 -0.326204 0.931139 -0.360168
584 -0.181920 0.689981 -0.665664
585 -0.323359 0.909779 -0.344307
586 -0.307149 0.788049 -0.253913
587 -0.271694 1.364143 -1.166283
588 -0.413133 1.583941 -0.844927
589 -0.286275 1.473645 -1.247597
590 -0.427715 1.693444 -0.926241
591 -0.289303 1.496380 -1.264480
592 -0.430743 1.716179 -0.943124
593 -0.304292 0.766589 -0.237977
594 -0.162852 0.546791 -0.559333
595 -0.054296 0.002956 0.467495
596 -0.122481 0.680658 1.381865
597 -0.108914 0.975007 1.164715
598 -0.040729 0.297304 0.250345
599 -0.099221 0.118765 0.576310
600 -0.170358 0.825792 1.530246
601 -0.155004 1.158899 1.284503
602 -0.083868 0.451872 0.330566
603 -0.168962 0.856074 1.507906
604 -0.097825 0.149047 0.553970
605 -0.156710 1.121887 1.311807
606 -0.085574 0.414860 0.357871
607 -0.100829 0.134743 0.597868
608 -0.085475 0.467850 0.352124
609 -0.099433 0.165025 0.575528
610 -0.087181 0.430838 0.379429
611 -0.168654 0.808864 1.507407
612 -0.153301 1.141972 1.261663
613 -0.167259 0.839147 1.485067
614 -0.155007 1.104960 1.288968
615 -0.160451 0.727333 1.397404
616 -0.145098 1.060441 1.151660
617 -0.159056 0.757616 1.375064
618 -0.146804 1.023429 1.178965
619 -0.158751 0.710431 1.374599
620 -0.143398 1.043538 1.128855
621 -0.157355 0.740713 1.352258
622 -0.145103 1.006526 1.156160
623 -0.109948 0.225379 0.720156
624 -0.094595 0.558486 0.474412
625 -0.108552 0.255661 0.697816
626 -0.096301 0.521474 0.501717
627 -0.111548 0.241282 0.741613
628 -0.096195 0.574389 0.495869
629 -0.110152 0.271565 0.719273
630 -0.097901 0.537377 0.523174
631 -0.120748 0.332726 0.864992
632 -0.105395 0.665833 0.619248
633 -0.119353 0.363009 0.842651
634 -0.107101 0.628821 0.646553
635 -0.122649 0.351611 0.890472
636 -0.107295 0.684719 0.644728
637 -0.121253 0.381894 0.868132
638 -0.109001 0.647707 0.672033
639 -0.149077 0.614283 1.244874
640 -0.133724 0.947390 0.999130
641 -0.147681 0.644565 1.222534
642 -0.135430 0.910378 1.026435
643 -0.146874 0.592394 1.215340
644 -0.131521 0.925501 0.969596
645 -0.145479 0.622676 1.193000
646 -0.133227 0.888489 0.996901
647 -0.133060 0.455088 1.030085
648 -0.117707 0.788195 0.784341
649 -0.131664 0.485371 1.007745
650 -0.119412 0.751184 0.811646
651 -0.135562 0.479962 1.063646
652 -0.120209 0.813070 0.817902
653 -0.134167 0.510245 1.041305
654 -0.121915 0.776058 0.845207
655 -0.162210 1.002569 1.399832
656 -0.091073 0.295542 0.445896
657 -0.092681 0.311520 0.467454
658 -0.160507 0.985641 1.376993
659 -0.152304 0.904111 1.266990
660 -0.150603 0.887208 1.244184
661 -0.101800 0.402156 0.589742
662 -0.103400 0.418059 0.611199
663 -0.112601 0.509503 0.734578
664 -0.114501 0.528389 0.760058
665 -0.140929 0.791060 1.114460
666 -0.138727 0.769171 1.084926
667 -0.124912 0.631865 0.899671
668 -0.127415 0.656739 0.933231
669 -0.163523 0.974084 1.420847
670 -0.092386 0.267057 0.466911
671 -0.093994 0.283035 0.488468
672 -0.161819 0.957156 1.398007
673 -0.153616 0.875625 1.288004
674 -0.151916 0.858723 1.265199
675 -0.103113 0.373671 0.610756
676 -0.104713 0.389574 0.632213
677 -0.113914 0.481018 0.755592
678 -0.115814 0.499903 0.781072
679 -0.142242 0.762575 1.135474
680 -0.140040 0.740686 1.105941
681 -0.126225 0.603380 0.920685
682 -0.128728 0.628254 0.954246
683 -0.087408 0.375067 0.387228
684 -0.089015 0.391045 0.408786
685 -0.081126 0.562217 0.282507
686 -0.079518 0.546239 0.260949
687 -0.082314 0.485574 0.305703
688 -0.083922 0.501552 0.327261
689 -0.132144 0.980835 0.973919
690 -0.129348 1.041500 0.929165
691 -0.127222 1.020369 0.900655
692 -0.130018 0.959705 0.945409
693 -0.061391 0.094047 -0.170993
694 -0.062337 0.073527 -0.155854
695 -0.063376 0.050991 -0.139229
696 -0.097204 0.073325 -0.158305
697 -0.098242 0.050790 -0.141680
698 -0.142837 0.414530 0.353846
699 -0.139578 0.485244 0.301677
700 -0.096258 0.093846 -0.173443
701 -0.187282 0.959374 0.941384
702 -0.188785 0.925171 0.965571
703 -0.189408 0.980505 0.969894
704 -0.190987 0.947060 0.995105
705 -0.141186 0.501222 0.323235
706 -0.184486 1.020039 0.896630
707 -0.138390 0.561887 0.278481
708 -0.186612 1.041170 0.925140
709 -0.142739 0.467519 0.348099
710 -0.136782 0.545909 0.256923
711 -0.146279 0.390715 0.404760
712 -0.144445 0.430508 0.375404
713 -0.149944 0.311189 0.463429
714 -0.144671 0.374737 0.383202
715 -0.148337 0.295211 0.441871
716 -0.185991 0.627924 0.950220
717 -0.197303 0.740355 1.101915
718 -0.173077 0.499573 0.777047
719 -0.183488 0.603050 0.916660
720 -0.209179 0.858392 1.261173
721 -0.199506 0.762245 1.131449
722 -0.171177 0.480688 0.751567
723 -0.161977 0.389244 0.628188
724 -0.160377 0.373340 0.606731
725 -0.151257 0.282704 0.484443
726 -0.210880 0.875295 1.283979
727 -0.219083 0.956826 1.393982
728 -0.191430 0.509914 1.037280
729 -0.188928 0.485040 1.003719
730 -0.202742 0.622346 1.188974
731 -0.204945 0.644235 1.218508
732 -0.178516 0.381564 0.864106
733 -0.176616 0.362678 0.838626
734 -0.167416 0.271234 0.715248
735 -0.165816 0.255331 0.693790
736 -0.214618 0.740383 1.348233
737 -0.216319 0.757286 1.371038
738 -0.224522 0.838816 1.481041
739 -0.156696 0.164695 0.571502
740 -0.149650 0.266726 0.462885
741 -0.155089 0.148717 0.549945
742 -0.220786 0.973754 1.416821
743 -0.226225 0.855744 1.503881
744 -0.219473 1.002239 1.395807
745 -0.184678 0.656409 0.929206
746 -0.195990 0.768840 1.080901
747 -0.182176 0.631535 0.895645
748 -0.171764 0.528058 0.756033
749 -0.198193 0.790730 1.110434
750 -0.207866 0.886877 1.240159
751 -0.160664 0.417729 0.607174
752 -0.169864 0.509173 0.730552
753 -0.159064 0.401825 0.585717
754 -0.217770 0.985311 1.372968
755 -0.209567 0.903780 1.262964
756 -0.179179 0.775727 0.841181
757 -0.176676 0.750853 0.807620
758 -0.190491 0.888159 0.992876
759 -0.192693 0.910048 1.022409
760 -0.166265 0.647376 0.668007
761 -0.164365 0.628491 0.642527
762 -0.155164 0.537047 0.519149
763 -0.153564 0.521144 0.497692
764 -0.202367 1.006196 1.152134
765 -0.204068 1.023098 1.174940
766 -0.212271 1.104630 1.284943
767 -0.213974 1.121557 1.307782
768 -0.177473 0.812739 0.813876
769 -0.174970 0.787865 0.780316
770 -0.190323 0.454758 1.026059
771 -0.192826 0.479632 1.059620
772 -0.204138 0.592063 1.211315
773 -0.164559 0.684388 0.640703
774 -0.179912 0.351281 0.886447
775 -0.206340 0.613953 1.240848
776 -0.200661 1.043208 1.124829
777 -0.216014 0.710100 1.370573
778 -0.162659 0.665503 0.615222
779 -0.178012 0.332396 0.860966
780 -0.153458 0.574059 0.491844
781 -0.168812 0.240952 0.737588
782 -0.151858 0.558156 0.470387
783 -0.167211 0.225048 0.716131
784 -0.158092 0.134412 0.593843
785 -0.202362 1.060110 1.147635
786 -0.217715 0.727003 1.393378
787 -0.210565 1.141641 1.257638
788 -0.225918 0.808534 1.503382
789 -0.212268 1.158569 1.280477
790 -0.227621 0.825462 1.526221
791 -0.156485 0.118434 0.572285
792 -0.141131 0.451542 0.326541
793 -0.276798 0.014374 -0.128773
794 -0.278558 0.022359 -0.129576
795 -0.280134 0.030064 -0.131955
796 -0.281465 0.037193 -0.135817
797 -0.282501 0.043471 -0.141016
798 -0.283202 0.048658 -0.147350
799 -0.283540 0.052554 -0.154576
800 -0.283502 0.055008 -0.162417
801 -0.283091 0.055928 -0.170571
802 -0.282322 0.055278 -0.178726
803 -0.281224 0.053082 -0.186567
804 -0.279839 0.049425 -0.193793
805 -0.278222 0.044447 -0.200127
806 -0.276433 0.038341 -0.205325
807 -0.274543 0.031340 -0.209188
808 -0.272622 0.023713 -0.211567
809 -0.270746 0.015754 -0.212370
810 -0.268986 0.007768 -0.211567
811 -0.267410 0.000063 -0.209188
812 -0.266079 -0.007065 -0.205325
813 -0.265043 -0.013344 -0.200127
814 -0.264343 -0.018530 -0.193793
815 -0.264005 -0.022426 -0.186567
816 -0.264042 -0.024881 -0.178726
817 -0.264453 -0.025800 -0.170571
818 -0.265223 -0.025150 -0.162417
819 -0.266321 -0.022954 -0.154576
820 -0.267705 -0.019297 -0.147349
821 -0.269323 -0.014319 -0.141015
822 -0.271111 -0.008213 -0.135817
823 -0.273002 -0.001212 -0.131955
824 -0.274922 0.006415 -0.129576
825 -0.048371 0.066465 -0.111376
826 -0.050131 0.074451 -0.112179
827 -0.051707 0.082156 -0.114558
828 -0.053039 0.089284 -0.118421
829 -0.054074 0.095563 -0.123619
830 -0.054775 0.100749 -0.129953
831 -0.055113 0.104645 -0.137179
832 -0.055075 0.107100 -0.145020
833 -0.054664 0.108019 -0.153175
834 -0.053895 0.107369 -0.161329
835 -0.052797 0.105173 -0.169170
836 -0.051413 0.101516 -0.176397
837 -0.049795 0.096539 -0.182730
838 -0.048007 0.090432 -0.187929
839 -0.046116 0.083431 -0.191791
840 -0.044196 0.075804 -0.194170
841 -0.042319 0.067845 -0.194973
842 -0.040560 0.059860 -0.194170
843 -0.038984 0.052155 -0.191791
844 -0.037652 0.045026 -0.187929
845 -0.036616 0.038748 -0.182730
846 -0.035916 0.033561 -0.176397
847 -0.035578 0.029665 -0.169170
848 -0.035615 0.027211 -0.161329
849 -0.036026 0.026291 -0.153175
850 -0.036796 0.026941 -0.145020
851 -0.037894 0.029137 -0.137179
852 -0.039278 0.032794 -0.129953
853 -0.040896 0.037772 -0.123619
854 -0.042684 0.043878 -0.118421
855 -0.044575 0.050879 -0.114558
856 -0.046495 0.058506 -0.112179
857 -0.273772 0.015064 -0.170571
858 -0.032694 0.070040 -0.153175
859 -0.472974 -0.264588 -2.512897
860 -0.439593 -0.329130 -2.512897
861 -0.708899 -0.468414 -2.512897
862 -0.742280 -0.403872 -2.512897
863 -0.472974 -0.264588 -2.262820
864 -0.439593 -0.329130 -2.262820
865 -0.708899 -0.468414 -2.262820
866 -0.742280 -0.403872 -2.262820
867 -0.664254 -0.445324 -2.512897
868 -0.697635 -0.380782 -2.512897
869 -0.664254 -0.445324 -2.262820
870 -0.697635 -0.380782 -2.262820
871 -0.488149 -0.354243 -2.512897
872 -0.521530 -0.289701 -2.512897
873 -0.488149 -0.354243 -2.262820
874 -0.521530 -0.289701 -2.262820
875 -0.439593 -0.329130 -2.300332
876 -0.472974 -0.264588 -2.300332
877 -0.708899 -0.468414 -2.300332
878 -0.742280 -0.403872 -2.300332
879 -0.676569 -0.458752 -2.285126
880 -0.715711 -0.383072 -2.285126
881 -0.470074 -0.351953 -2.285126
882 -0.509215 -0.276273 -2.285126
883 -0.439593 -0.329130 -2.476566
884 -0.472974 -0.264588 -2.476566
885 -0.708899 -0.468414 -2.476566
886 -0.742280 -0.403872 -2.476566
887 -0.676569 -0.458752 -2.491772
888 -0.715711 -0.383072 -2.491772
889 -0.470074 -0.351953 -2.491772
890 -0.509215 -0.276273 -2.491772
891 -0.620228 -0.422554 -2.262820
892 -0.576202 -0.399784 -2.262820
893 -0.532175 -0.377013 -2.262820
894 -0.653609 -0.358012 -2.262820
895 -0.609583 -0.335241 -2.262820
896 -0.565556 -0.312471 -2.262820
897 -0.624945 -0.432052 -2.285126
898 -0.573321 -0.405353 -2.285126
899 -0.521698 -0.378653 -2.285126
900 -0.664087 -0.356372 -2.285126
901 -0.612463 -0.329673 -2.285126
902 -0.560839 -0.302973 -2.285126
903 -0.624443 -0.422828 -2.495210
904 -0.663584 -0.347148 -2.495210
905 -0.676066 -0.449527 -2.495210
906 -0.715208 -0.373847 -2.495210
907 -0.473701 -0.356749 -2.491662
908 -0.512842 -0.281069 -2.491662
909 -0.525325 -0.383449 -2.491662
910 -0.564466 -0.307769 -2.491662
911 -1.216806 -0.267212 -2.103308
912 -1.268846 0.103082 -2.103308
913 -1.043807 0.401718 -2.103308
914 -0.673513 0.453759 -2.103308
915 -0.374877 0.228719 -2.103308
916 -0.322837 -0.141575 -2.103308
917 -0.547876 -0.440210 -2.103308
918 -0.918170 -0.492251 -2.103308
919 -0.910164 -0.461294 -1.545168
920 -0.564105 -0.412659 -1.545168
921 -0.353794 -0.133569 -1.545168
922 -0.402428 0.212490 -1.545168
923 -0.681519 0.422801 -1.545168
924 -1.027578 0.374167 -1.545168
925 -1.237889 0.095076 -1.545168
926 -1.189254 -0.250983 -1.545168
927 -1.151418 -0.228696 -0.946484
928 -1.195375 0.084081 -0.946484
929 -1.005291 0.336331 -0.946484
930 -0.692513 0.380288 -0.946484
931 -0.440264 0.190204 -0.946484
932 -0.396307 -0.122574 -0.946484
933 -0.586391 -0.374823 -0.946484
934 -0.899169 -0.418781 -0.946484
935 -0.885892 -0.367443 -0.376904
936 -0.613304 -0.329134 -0.376904
937 -0.447643 -0.109297 -0.376904
938 -0.485953 0.163291 -0.376904
939 -0.705790 0.328951 -0.376904
940 -0.978378 0.290642 -0.376904
941 -1.144038 0.070805 -0.376904
942 -1.105729 -0.201783 -0.376904
943 -1.041054 -0.220724 -0.089926
944 -0.430893 -0.136641 -0.089926
945 -0.427296 -0.162744 -0.063576
946 -1.037456 -0.246827 -0.063576
947 -1.044650 -0.194620 -0.063576
948 -0.434490 -0.110537 -0.063576
949 -0.430893 -0.136641 -0.037226
950 -1.041053 -0.220724 -0.037226
951 -1.322424 0.391373 -0.390072
952 -0.402699 0.518115 -0.390073
953 -0.271149 -0.436497 -0.390073
954 -1.190874 -0.563239 -0.390072
955 -0.282403 -0.354834 -0.390073
956 -1.202128 -0.481576 -0.390072
957 -0.392416 0.443492 -0.390073
958 -1.312141 0.316750 -0.390072
959 -0.475883 0.508030 -0.390073
960 -0.344333 -0.446582 -0.390073
961 -0.355586 -0.364919 -0.390073
962 -0.465599 0.433407 -0.390073
963 -1.247723 0.401667 -0.390072
964 -1.116173 -0.552945 -0.390072
965 -1.127426 -0.471282 -0.390072
966 -1.237439 0.327044 -0.390072
967 -1.127426 -0.471282 -0.347558
968 -1.237439 0.327044 -0.347558
969 -0.465599 0.433407 -0.347559
970 -0.355586 -0.364919 -0.347559
971 -1.116173 -0.552945 -0.347558
972 -1.190874 -0.563239 -0.347558
973 -0.344333 -0.446582 -0.347559
974 -1.247723 0.401667 -0.347558
975 -1.322424 0.391373 -0.347558
976 -0.475883 0.508030 -0.347559
977 -0.271149 -0.436497 -0.347559
978 -0.402699 0.518115 -0.347559
979 -1.312140 0.316750 -0.347558
980 -1.202128 -0.481576 -0.347558
981 -0.392416 0.443492 -0.347559
982 -0.282403 -0.354834 -0.347559
983 -1.184266 -0.077031 -2.513987
984 -1.254158 -0.057155 -2.513987
985 -1.171223 0.234474 -2.513987
986 -1.101331 0.214597 -2.513987
987 -1.184266 -0.077031 -2.263910
988 -1.254158 -0.057155 -2.263910
989 -1.171223 0.234474 -2.263910
990 -1.101331 0.214597 -2.263910
991 -1.184972 0.186129 -2.513987
992 -1.115079 0.166252 -2.513987
993 -1.184971 0.186129 -2.263910
994 -1.115079 0.166252 -2.263910
995 -1.239205 -0.004574 -2.513987
996 -1.169313 -0.024451 -2.513987
997 -1.239205 -0.004574 -2.263910
998 -1.169312 -0.024451 -2.263910
999 -1.254158 -0.057155 -2.301422
1000 -1.184266 -0.077031 -2.301422
1001 -1.171223 0.234474 -2.301422
1002 -1.101331 0.214597 -2.301422
1003 -1.186322 0.204298 -2.286216
1004 -1.104369 0.180992 -2.286216
1005 -1.249915 -0.019314 -2.286216
1006 -1.167961 -0.042620 -2.286216
1007 -1.254158 -0.057155 -2.477656
1008 -1.184266 -0.077031 -2.477656
1009 -1.171223 0.234474 -2.477656
1010 -1.101331 0.214597 -2.477656
1011 -1.186323 0.204298 -2.492862
1012 -1.104369 0.180992 -2.492862
1013 -1.249915 -0.019314 -2.492862
1014 -1.167962 -0.042620 -2.492862
1015 -1.198530 0.138453 -2.263910
1016 -1.212088 0.090777 -2.263910
1017 -1.225646 0.043102 -2.263910
1018 -1.128638 0.118577 -2.263910
1019 -1.142196 0.070901 -2.263910
1020 -1.155754 0.023225 -2.263910
1021 -1.202221 0.148395 -2.286216
1022 -1.218119 0.092492 -2.286216
1023 -1.234017 0.036589 -2.286216
1024 -1.120267 0.125089 -2.286216
1025 -1.136165 0.069186 -2.286216
1026 -1.152063 0.013283 -2.286216
1027 -1.195843 0.141712 -2.496300
1028 -1.113890 0.118405 -2.496300
1029 -1.179945 0.197615 -2.496300
1030 -1.097992 0.174308 -2.496300
1031 -1.250926 -0.013386 -2.492751
1032 -1.168972 -0.036693 -2.492751
1033 -1.235028 0.042517 -2.492751
1034 -1.153074 0.019210 -2.492751
1035 -0.392731 0.533556 -0.368702
1036 -0.499660 0.337310 0.002047
1037 -0.473275 0.026557 0.043845
1038 -0.413514 -0.287816 0.000012
1039 -0.257678 -0.446481 -0.373995
1040 -1.209959 -0.577710 -0.365852
1041 -1.097208 -0.382032 0.000012
1042 -1.116558 -0.062090 0.043845
1043 -1.183354 0.243094 0.002048
1044 -1.345012 0.402327 -0.360560
1045 -1.315919 0.395647 -0.368339
1046 -0.407365 0.520851 -0.368340
1047 -0.275280 -0.437644 -0.368340
1048 -1.183834 -0.562847 -0.368339
1049 -1.074999 -0.376826 -0.005548
1050 -0.430372 -0.287993 -0.005548
1051 -0.516200 0.334829 -0.005548
1052 -1.160826 0.245997 -0.005548
1053 -0.341775 0.044892 -0.368340
1054 -1.250330 -0.080311 -0.368339
1055 -1.101031 -0.060910 0.042291
1056 -0.489435 0.023370 0.036663
1057 -1.233798 -0.079599 -2.103308
1058 -1.223556 0.092594 -2.103308
1059 -1.148199 0.247760 -2.103308
1060 -1.019199 0.362277 -2.103308
1061 -0.856194 0.418710 -2.103308
1062 -0.684001 0.408469 -2.103308
1063 -0.528835 0.333111 -2.103308
1064 -0.414318 0.204111 -2.103308
1065 -0.357885 0.041106 -2.103308
1066 -0.368127 -0.131086 -2.103308
1067 -0.443484 -0.286252 -2.103308
1068 -0.572484 -0.400769 -2.103308
1069 -0.735489 -0.457203 -2.103308
1070 -0.907682 -0.446961 -2.103308
1071 -1.062848 -0.371604 -2.103308
1072 -1.177365 -0.242603 -2.103308
1073 -1.177365 -0.242603 -2.668709
1074 -1.062848 -0.371604 -2.668709
1075 -0.907682 -0.446961 -2.668709
1076 -0.735489 -0.457203 -2.668709
1077 -0.572485 -0.400769 -2.668709
1078 -0.443484 -0.286252 -2.668709
1079 -0.368127 -0.131086 -2.668709
1080 -0.357885 0.041106 -2.668709
1081 -0.414318 0.204111 -2.668709
1082 -0.528835 0.333111 -2.668709
1083 -0.684001 0.408469 -2.668709
1084 -0.856194 0.418710 -2.668709
1085 -1.019199 0.362277 -2.668709
1086 -1.148199 0.247760 -2.668709
1087 -1.223557 0.092594 -2.668709
1088 -1.233798 -0.079599 -2.668709
1089 -1.177365 -0.242603 -2.271365
1090 -1.233798 -0.079599 -2.271365
1091 -1.062848 -0.371604 -2.271365
1092 -0.907682 -0.446961 -2.271365
1093 -0.735489 -0.457203 -2.271365
1094 -0.572484 -0.400769 -2.271365
1095 -0.443484 -0.286252 -2.271365
1096 -0.368127 -0.131086 -2.271365
1097 -0.357885 0.041106 -2.271365
1098 -0.414318 0.204111 -2.271365
1099 -0.528835 0.333111 -2.271365
1100 -0.684001 0.408469 -2.271365
1101 -0.856194 0.418710 -2.271365
1102 -1.019199 0.362277 -2.271365
1103 -1.148199 0.247760 -2.271365
1104 -1.223557 0.092594 -2.271365
1105 -0.481097 0.194908 -2.271365
1106 -0.424664 0.031904 -2.271365
1107 -0.434905 -0.140289 -2.271365
1108 -0.481097 0.194908 -2.668709
1109 -0.434906 -0.140289 -2.668709
1110 -0.424664 0.031904 -2.668709
1111 -1.177365 -0.242603 -2.506798
1112 -1.233798 -0.079599 -2.506798
1113 -1.062848 -0.371604 -2.506799
1114 -0.907682 -0.446961 -2.506799
1115 -0.735489 -0.457203 -2.506799
1116 -0.572484 -0.400769 -2.506799
1117 -0.443484 -0.286252 -2.506799
1118 -0.368127 -0.131086 -2.506799
1119 -0.414318 0.204111 -2.506799
1120 -0.528835 0.333111 -2.506799
1121 -0.684001 0.408469 -2.506799
1122 -0.856194 0.418710 -2.506799
1123 -1.019199 0.362277 -2.506799
1124 -1.148199 0.247760 -2.506799
1125 -1.223557 0.092594 -2.506798
1126 -0.481097 0.194908 -2.506799
1127 -0.434906 -0.140289 -2.506799
1128 -0.424664 0.031904 -2.506799
1129 -0.675424 0.346229 -2.506799
1130 -0.847617 0.356471 -2.506799
1131 -0.520258 0.270872 -2.506799
1132 -0.847617 0.356471 -2.271365
1133 -0.520258 0.270872 -2.271365
1134 -0.675424 0.346229 -2.271365
1135 -0.602068 -0.350237 -2.506799
1136 -0.473067 -0.235720 -2.506799
1137 -0.765073 -0.406670 -2.506799
1138 -0.473067 -0.235720 -2.271365
1139 -0.765072 -0.406670 -2.271365
1140 -0.602068 -0.350237 -2.271365
1141 -1.140807 -0.093253 -2.506849
1142 -1.130566 0.078940 -2.506849
1143 -1.055208 0.234106 -2.506849
1144 -1.055208 0.234106 -2.271415
1145 -1.140807 -0.093253 -2.271415
1146 -1.130565 0.078940 -2.271415
1147 -0.424520 0.072676 -2.356840
1148 -0.424520 0.072676 -2.438083
1149 -0.411997 -0.018205 -2.438083
1150 -0.411997 -0.018205 -2.356840
1151 -0.413071 -0.010409 -2.438083
1152 -0.413071 -0.010409 -2.356840
1153 -0.423416 0.064661 -2.438083
1154 -0.423416 0.064661 -2.356840
1155 -0.424520 0.072676 -2.362588
1156 -0.411997 -0.018205 -2.362588
1157 -0.413936 -0.005474 -2.367229
1158 -0.422914 0.059676 -2.367229
1159 -0.424520 0.072676 -2.432840
1160 -0.411997 -0.018205 -2.432840
1161 -0.413936 -0.005474 -2.428199
1162 -0.422914 0.059676 -2.428199
1163 -0.416324 -0.005803 -2.428199
1164 -0.425302 0.059347 -2.428199
1165 -0.425302 0.059347 -2.367229
1166 -0.416324 -0.005803 -2.367229
1167 -0.414748 -0.018584 -2.432840
1168 -0.414748 -0.018584 -2.438083
1169 -0.414748 -0.018584 -2.362588
1170 -0.427271 0.072297 -2.432840
1171 -0.427271 0.072297 -2.438083
1172 -0.427271 0.072297 -2.362588
1173 -0.414748 -0.018584 -2.356840
1174 -0.427271 0.072297 -2.356840
1175 -0.426167 0.064282 -2.356840
1176 -0.415822 -0.010788 -2.356840
1177 -0.426167 0.064282 -2.438083
1178 -0.415822 -0.010788 -2.438083
1179 -0.304292 -0.202488 -2.610506
1180 -0.292659 -0.200885 -2.610506
1181 -0.291056 -0.212518 -2.610506
1182 -0.302689 -0.214121 -2.610506
1183 -0.304292 -0.202488 -2.542472
1184 -0.292659 -0.200885 -2.542472
1185 -0.291056 -0.212518 -2.542472
1186 -0.302689 -0.214121 -2.542472
1187 -0.292659 -0.200885 -2.555437
1188 -0.304292 -0.202488 -2.555437
1189 -0.291056 -0.212518 -2.555437
1190 -0.302689 -0.214121 -2.555437
1191 -0.292659 -0.200885 -2.601201
1192 -0.304292 -0.202488 -2.601201
1193 -0.291056 -0.212518 -2.601201
1194 -0.302689 -0.214121 -2.601201
1195 -0.328531 -0.205828 -2.601201
1196 -0.326928 -0.217461 -2.601201
1197 -0.326928 -0.217461 -2.610506
1198 -0.328531 -0.205828 -2.610506
1199 -0.328531 -0.205828 -2.555437
1200 -0.326928 -0.217461 -2.555437
1201 -0.326928 -0.217461 -2.542472
1202 -0.328531 -0.205828 -2.542472
1203 -0.853417 0.363695 -2.509601
1204 -0.834539 0.433863 -2.509601
1205 -0.541758 0.355094 -2.509601
1206 -0.560636 0.284926 -2.509601
1207 -0.853417 0.363695 -2.259524
1208 -0.834539 0.433863 -2.259524
1209 -0.541758 0.355094 -2.259524
1210 -0.560636 0.284926 -2.259524
1211 -0.590294 0.368152 -2.509601
1212 -0.609172 0.297984 -2.509601
1213 -0.590294 0.368152 -2.259524
1214 -0.609172 0.297984 -2.259524
1215 -0.781751 0.419661 -2.509601
1216 -0.800629 0.349493 -2.509601
1217 -0.781751 0.419661 -2.259524
1218 -0.800629 0.349493 -2.259524
1219 -0.834539 0.433863 -2.297036
1220 -0.853417 0.363695 -2.297036
1221 -0.541758 0.355094 -2.297036
1222 -0.560636 0.284926 -2.297036
1223 -0.572146 0.369762 -2.281830
1224 -0.594281 0.287485 -2.281830
1225 -0.796641 0.430160 -2.281830
1226 -0.818777 0.347883 -2.281830
1227 -0.834539 0.433863 -2.473270
1228 -0.853417 0.363695 -2.473270
1229 -0.541758 0.355094 -2.473270
1230 -0.560636 0.284926 -2.473270
1231 -0.572146 0.369762 -2.488476
1232 -0.594281 0.287485 -2.488476
1233 -0.796641 0.430160 -2.488476
1234 -0.818777 0.347883 -2.488476
1235 -0.638158 0.381029 -2.259524
1236 -0.686022 0.393907 -2.259524
1237 -0.733886 0.406784 -2.259524
1238 -0.657036 0.310861 -2.259524
1239 -0.704900 0.323738 -2.259524
1240 -0.752765 0.336615 -2.259524
1241 -0.628269 0.384862 -2.281830
1242 -0.684393 0.399961 -2.281830
1243 -0.740517 0.415060 -2.281830
1244 -0.650405 0.302584 -2.281830
1245 -0.706529 0.317684 -2.281830
1246 -0.762653 0.332783 -2.281830
1247 -0.634862 0.378389 -2.491914
1248 -0.656998 0.296112 -2.491914
1249 -0.578738 0.363290 -2.491914
1250 -0.600874 0.281013 -2.491914
1251 -0.790729 0.431255 -2.488365
1252 -0.812865 0.348978 -2.488365
1253 -0.734605 0.416156 -2.488366
1254 -0.756741 0.333878 -2.488365
1255 -0.491605 0.171885 -2.656662
1256 -0.419621 0.181805 -2.656662
1257 -0.378231 -0.118549 -2.656662
1258 -0.450215 -0.128468 -2.656662
1259 -0.491605 0.171886 -2.281622
1260 -0.419621 0.181805 -2.281622
1261 -0.378231 -0.118549 -2.281622
1262 -0.450214 -0.128468 -2.281622
1263 -0.419621 0.181805 -2.309098
1264 -0.491605 0.171886 -2.309098
1265 -0.378231 -0.118549 -2.309098
1266 -0.450214 -0.128468 -2.309098
1267 -0.380113 -0.104896 -2.656662
1268 -0.452096 -0.114816 -2.656662
1269 -0.380112 -0.104896 -2.281622
1270 -0.452096 -0.114816 -2.281622
1271 -0.380112 -0.104896 -2.309098
1272 -0.452096 -0.114816 -2.309098
1273 -0.417468 0.166179 -2.656662
1274 -0.489451 0.156260 -2.656662
1275 -0.417468 0.166179 -2.281622
1276 -0.489451 0.156260 -2.281622
1277 -0.417468 0.166179 -2.309098
1278 -0.489451 0.156260 -2.309098
1279 -0.435299 0.163722 -2.309098
1280 -0.435299 0.163722 -2.656662
1281 -0.397943 -0.107353 -2.309098
1282 -0.397944 -0.107353 -2.656662
1283 -0.419621 0.181805 -2.355622
1284 -0.491605 0.171886 -2.355622
1285 -0.378231 -0.118549 -2.355622
1286 -0.450215 -0.128468 -2.355622
1287 -0.380112 -0.104896 -2.355622
1288 -0.452096 -0.114816 -2.355622
1289 -0.417468 0.166179 -2.355622
1290 -0.489451 0.156260 -2.355622
1291 -0.435299 0.163722 -2.355622
1292 -0.397943 -0.107353 -2.355622
1293 -0.419621 0.181805 -2.439092
1294 -0.491605 0.171886 -2.439092
1295 -0.378231 -0.118549 -2.439092
1296 -0.450215 -0.128468 -2.439092
1297 -0.380113 -0.104896 -2.439092
1298 -0.452096 -0.114816 -2.439092
1299 -0.417468 0.166179 -2.439092
1300 -0.489451 0.156260 -2.439092
1301 -0.435299 0.163722 -2.439092
1302 -0.397943 -0.107353 -2.439092
1303 -0.392347 -0.016119 -2.656662
1304 -0.464330 -0.026039 -2.656662
1305 -0.392346 -0.016119 -2.281622
1306 -0.464330 -0.026039 -2.281622
1307 -0.392346 -0.016119 -2.309098
1308 -0.464330 -0.026038 -2.309098
1309 -0.410177 -0.018576 -2.309098
1310 -0.410178 -0.018576 -2.656662
1311 -0.464330 -0.026039 -2.355622
1312 -0.410177 -0.018576 -2.355622
1313 -0.464330 -0.026039 -2.439092
1314 -0.410177 -0.018576 -2.439092
1315 -0.405093 0.076381 -2.656662
1316 -0.477077 0.066461 -2.656662
1317 -0.405093 0.076380 -2.281622
1318 -0.477077 0.066461 -2.281622
1319 -0.405093 0.076380 -2.309098
1320 -0.477077 0.066461 -2.309098
1321 -0.422924 0.073923 -2.309098
1322 -0.422924 0.073923 -2.656662
1323 -0.477077 0.066461 -2.355622
1324 -0.422924 0.073923 -2.355622
1325 -0.477077 0.066461 -2.439092
1326 -0.422924 0.073923 -2.439092
1327 -0.446878 0.070622 -2.355622
1328 -0.446878 0.070622 -2.439092
1329 -0.434131 -0.021877 -2.439092
1330 -0.434131 -0.021877 -2.355622
Faces:
1 4 3 2.
2 3 4 1.
199 202 201 200.
200 201 202 199.
203 206 205 204.
204 205 206 203.
595 598 597 596.
596 597 598 595.
13 5 10 15.
15 10 5 13.
8 14 16 12.
12 16 14 8.
19 9 6 17.
17 6 9 19.
18 7 11 20.
20 11 7 18.
23 19 17 21.
21 17 19 23.
22 18 20 24.
24 20 18 22.
27 23 21 25.
25 21 23 27.
26 22 24 28.
28 24 22 26.
15 31 29 13.
13 29 31 15.
14 30 32 16.
16 32 30 14.
31 35 33 29.
29 33 35 31.
30 34 36 32.
32 36 34 30.
35 39 37 33.
33 37 39 35.
34 38 40 36.
36 40 38 34.
39 43 41 37.
37 41 43 39.
38 42 44 40.
40 44 42 38.
47 27 25 45.
45 25 27 47.
46 26 28 48.
48 28 26 46.
51 47 45 49.
49 45 47 51.
50 46 48 52.
52 48 46 50.
43 55 53 41.
41 53 55 43.
42 54 56 44.
44 56 54 42.
55 59 57 53.
53 57 59 55.
59 51 49 57.
57 49 51 59.
54 58 60 56.
56 60 58 54.
58 50 52 60.
60 52 50 58.
11 61 64 20.
20 64 61 11.
24 65 66 28.
28 66 65 24.
36 68 67 32.
32 67 68 36.
44 70 69 40.
40 69 70 44.
48 71 72 52.
52 72 71 48.
60 74 73 56.
56 73 74 60.
63 77 76 62.
62 76 77 63.
77 15 10 76.
76 10 15 77.
61 75 78 64.
64 78 75 61.
75 9 19 78.
78 19 9 75.
64 78 79 65.
65 79 78 64.
65 79 80 66.
66 80 79 65.
79 23 27 80.
80 27 23 79.
67 81 77 63.
63 77 81 67.
68 82 81 67.
67 81 82 68.
82 35 31 81.
81 31 35 82.
69 83 82 68.
68 82 83 69.
70 84 83 69.
69 83 84 70.
84 43 39 83.
83 39 43 84.
66 80 85 71.
71 85 80 66.
71 85 86 72.
72 86 85 71.
85 47 51 86.
86 51 47 85.
73 87 84 70.
70 84 87 73.
74 88 87 73.
73 87 88 74.
88 59 55 87.
87 55 59 88.
72 86 88 74.
74 88 86 72.
16 90 89 12.
12 89 90 16.
90 63 62 89.
89 62 63 90.
8 93 94 14.
14 94 93 8.
93 92 91 94.
94 91 92 93.
91 97 98 94.
94 98 97 91.
97 96 95 98.
98 95 96 97.
46 50 98 95.
95 98 50 46.
93 8 100 99.
99 100 8 93.
8 12 101 100.
100 101 12 8.
100 101 103 102.
102 103 101 100.
101 12 104 103.
103 104 12 101.
93 99 106 105.
105 106 99 93.
99 100 102 106.
106 102 100 99.
98 50 108 107.
107 108 50 98.
46 95 109 110.
110 109 95 46.
94 98 107 111.
111 107 98 94.
97 91 113 112.
112 113 91 97.
96 97 112 114.
114 112 97 96.
95 96 114 109.
109 114 96 95.
14 94 111 115.
115 111 94 14.
92 93 105 116.
116 105 93 92.
91 92 116 113.
113 116 92 91.
90 16 118 117.
117 118 16 90.
63 90 117 119.
119 117 90 63.
12 89 120 104.
104 120 89 12.
89 62 121 120.
120 121 62 89.
88 86 123 122.
122 123 86 88.
84 87 125 124.
124 125 87 84.
85 80 126 127.
127 126 80 85.
82 83 128 129.
129 128 83 82.
77 81 130 131.
131 130 81 77.
79 78 133 132.
132 133 78 79.
59 88 122 134.
134 122 88 59.
87 55 135 125.
125 135 55 87.
86 51 136 123.
123 136 51 86.
47 85 127 137.
137 127 85 47.
43 84 124 138.
138 124 84 43.
83 39 139 128.
128 139 39 83.
35 82 129 140.
140 129 82 35.
81 31 141 130.
130 141 31 81.
80 27 142 126.
126 142 27 80.
23 79 132 143.
143 132 79 23.
78 19 144 133.
133 144 19 78.
15 77 131 145.
145 131 77 15.
76 10 147 146.
146 147 10 76.
62 76 146 121.
121 146 76 62.
9 75 148 149.
149 148 75 9.
75 61 150 148.
148 150 61 75.
72 74 151 152.
152 151 74 72.
73 70 154 153.
153 154 70 73.
66 71 155 156.
156 155 71 66.
69 68 157 158.
158 157 68 69.
67 63 119 159.
159 119 63 67.
64 65 161 160.
160 161 65 64.
74 60 162 151.
151 162 60 74.
56 73 153 163.
163 153 73 56.
52 72 152 164.
164 152 72 52.
71 48 165 155.
155 165 48 71.
70 44 166 154.
154 166 44 70.
40 69 158 167.
167 158 69 40.
68 36 168 157.
157 168 36 68.
32 67 159 169.
169 159 67 32.
28 66 156 170.
170 156 66 28.
65 24 171 161.
161 171 24 65.
20 64 160 172.
172 160 64 20.
61 11 173 150.
150 173 11 61.
60 52 164 162.
162 164 52 60.
51 59 134 136.
136 134 59 51.
50 58 174 108.
108 174 58 50.
58 54 175 174.
174 175 54 58.
53 57 177 176.
176 177 57 53.
57 49 178 177.
177 178 49 57.
44 56 163 166.
166 163 56 44.
55 43 138 135.
135 138 43 55.
54 42 179 175.
175 179 42 54.
41 53 176 180.
180 176 53 41.
49 45 181 178.
178 181 45 49.
48 28 170 165.
165 170 28 48.
27 47 137 142.
142 137 47 27.
26 46 110 182.
182 110 46 26.
45 25 183 181.
181 183 25 45.
42 38 184 179.
179 184 38 42.
37 41 180 185.
185 180 41 37.
36 40 167 168.
168 167 40 36.
39 35 140 139.
139 140 35 39.
38 34 186 184.
184 186 34 38.
33 37 185 187.
187 185 37 33.
34 30 188 186.
186 188 30 34.
29 33 187 189.
189 187 33 29.
16 32 169 118.
118 169 32 16.
31 15 145 141.
141 145 15 31.
30 14 115 188.
188 115 14 30.
13 29 189 190.
190 189 29 13.
22 26 182 191.
191 182 26 22.
25 21 192 183.
183 192 21 25.
24 20 172 171.
171 172 20 24.
19 23 143 144.
144 143 23 19.
18 22 191 193.
193 191 22 18.
21 17 194 192.
192 194 17 21.
7 18 193 195.
195 193 18 7.
17 6 196 194.
194 196 6 17.
5 13 190 197.
197 190 13 5.
11 7 195 173.
173 195 7 11.
10 5 197 147.
147 197 5 10.
6 9 149 196.
196 149 9 6.
198 102 103 104.
104 103 102 198.
105 106 102 198.
198 102 106 105.
110 109 107 108.
108 107 109 110.
112 107 109 114.
114 109 107 112.
113 111 107 112.
112 107 111 113.
105 111 113 116.
116 113 111 105.
198 115 111 105.
105 111 115 198.
117 120 121 119.
119 121 120 117.
118 104 120 117.
117 120 104 118.
152 151 122 123.
123 122 151 152.
122 125 135 134.
134 135 125 122.
151 153 125 122.
122 125 153 151.
153 154 124 125.
125 124 154 153.
127 123 136 137.
137 136 123 127.
155 152 123 127.
127 123 152 155.
156 155 127 126.
126 127 155 156.
124 128 139 138.
138 139 128 124.
154 158 128 124.
124 128 158 154.
158 157 129 128.
128 129 157 158.
129 130 141 140.
140 141 130 129.
157 159 130 129.
129 130 159 157.
159 119 131 130.
130 131 119 159.
132 126 142 143.
143 142 126 132.
161 156 126 132.
132 126 156 161.
160 161 132 133.
133 132 161 160.
148 133 144 149.
149 144 133 148.
150 160 133 148.
148 133 160 150.
131 146 147 145.
145 147 146 131.
119 121 146 131.
131 146 121 119.
162 163 153 151.
151 153 163 162.
165 164 152 155.
155 152 164 165.
166 167 158 154.
154 158 167 166.
168 169 159 157.
157 159 169 168.
171 170 156 161.
161 156 170 171.
173 172 160 150.
150 160 172 173.
174 162 164 108.
108 164 162 174.
175 163 162 174.
174 162 163 175.
134 177 178 136.
136 178 177 134.
135 176 177 134.
134 177 176 135.
179 166 163 175.
175 163 166 179.
138 180 176 135.
135 176 180 138.
108 164 165 110.
110 165 164 108.
136 178 181 137.
137 181 178 136.
110 165 170 182.
182 170 165 110.
137 181 183 142.
142 183 181 137.
184 167 166 179.
179 166 167 184.
139 185 180 138.
138 180 185 139.
186 168 167 184.
184 167 168 186.
140 187 185 139.
139 185 187 140.
188 169 168 186.
186 168 169 188.
141 189 187 140.
140 187 189 141.
115 118 169 188.
188 169 118 115.
145 190 189 141.
141 189 190 145.
182 170 171 191.
191 171 170 182.
142 183 192 143.
143 192 183 142.
191 171 172 193.
193 172 171 191.
143 192 194 144.
144 194 192 143.
193 172 173 195.
195 173 172 193.
144 194 196 149.
149 196 194 144.
198 104 118 115.
115 118 104 198.
147 197 190 145.
145 190 197 147.
215 207 212 217.
217 212 207 215.
210 216 218 214.
214 218 216 210.
221 211 208 219.
219 208 211 221.
220 209 213 222.
222 213 209 220.
225 221 219 223.
223 219 221 225.
224 220 222 226.
226 222 220 224.
229 225 223 227.
227 223 225 229.
228 224 226 230.
230 226 224 228.
217 233 231 215.
215 231 233 217.
216 232 234 218.
218 234 232 216.
233 237 235 231.
231 235 237 233.
232 236 238 234.
234 238 236 232.
237 241 239 235.
235 239 241 237.
236 240 242 238.
238 242 240 236.
241 245 243 239.
239 243 245 241.
240 244 246 242.
242 246 244 240.
249 229 227 247.
247 227 229 249.
248 228 230 250.
250 230 228 248.
253 249 247 251.
251 247 249 253.
252 248 250 254.
254 250 248 252.
245 257 255 243.
243 255 257 245.
244 256 258 246.
246 258 256 244.
257 261 259 255.
255 259 261 257.
261 253 251 259.
259 251 253 261.
256 260 262 258.
258 262 260 256.
260 252 254 262.
262 254 252 260.
213 263 266 222.
222 266 263 213.
226 267 268 230.
230 268 267 226.
238 270 269 234.
234 269 270 238.
246 272 271 242.
242 271 272 246.
250 273 274 254.
254 274 273 250.
262 276 275 258.
258 275 276 262.
265 279 278 264.
264 278 279 265.
279 217 212 278.
278 212 217 279.
263 277 280 266.
266 280 277 263.
277 211 221 280.
280 221 211 277.
266 280 281 267.
267 281 280 266.
267 281 282 268.
268 282 281 267.
281 225 229 282.
282 229 225 281.
269 283 279 265.
265 279 283 269.
270 284 283 269.
269 283 284 270.
284 237 233 283.
283 233 237 284.
271 285 284 270.
270 284 285 271.
272 286 285 271.
271 285 286 272.
286 245 241 285.
285 241 245 286.
268 282 287 273.
273 287 282 268.
273 287 288 274.
274 288 287 273.
287 249 253 288.
288 253 249 287.
275 289 286 272.
272 286 289 275.
276 290 289 275.
275 289 290 276.
290 261 257 289.
289 257 261 290.
274 288 290 276.
276 290 288 274.
218 292 291 214.
214 291 292 218.
292 265 264 291.
291 264 265 292.
210 295 296 216.
216 296 295 210.
295 294 293 296.
296 293 294 295.
293 299 300 296.
296 300 299 293.
299 298 297 300.
300 297 298 299.
248 252 300 297.
297 300 252 248.
295 210 302 301.
301 302 210 295.
210 214 303 302.
302 303 214 210.
302 303 305 304.
304 305 303 302.
303 214 306 305.
305 306 214 303.
295 301 308 307.
307 308 301 295.
301 302 304 308.
308 304 302 301.
300 252 310 309.
309 310 252 300.
248 297 311 312.
312 311 297 248.
296 300 309 313.
313 309 300 296.
299 293 315 314.
314 315 293 299.
298 299 314 316.
316 314 299 298.
297 298 316 311.
311 316 298 297.
216 296 313 317.
317 313 296 216.
294 295 307 318.
318 307 295 294.
293 294 318 315.
315 318 294 293.
292 218 320 319.
319 320 218 292.
265 292 319 321.
321 319 292 265.
214 291 322 306.
306 322 291 214.
291 264 323 322.
322 323 264 291.
290 288 325 324.
324 325 288 290.
286 289 327 326.
326 327 289 286.
287 282 328 329.
329 328 282 287.
284 285 330 331.
331 330 285 284.
279 283 332 333.
333 332 283 279.
281 280 335 334.
334 335 280 281.
261 290 324 336.
336 324 290 261.
289 257 337 327.
327 337 257 289.
288 253 338 325.
325 338 253 288.
249 287 329 339.
339 329 287 249.
245 286 326 340.
340 326 286 245.
285 241 341 330.
330 341 241 285.
237 284 331 342.
342 331 284 237.
283 233 343 332.
332 343 233 283.
282 229 344 328.
328 344 229 282.
225 281 334 345.
345 334 281 225.
280 221 346 335.
335 346 221 280.
217 279 333 347.
347 333 279 217.
278 212 349 348.
348 349 212 278.
264 278 348 323.
323 348 278 264.
211 277 350 351.
351 350 277 211.
277 263 352 350.
350 352 263 277.
274 276 353 354.
354 353 276 274.
275 272 356 355.
355 356 272 275.
268 273 357 358.
358 357 273 268.
271 270 359 360.
360 359 270 271.
269 265 321 361.
361 321 265 269.
266 267 363 362.
362 363 267 266.
276 262 364 353.
353 364 262 276.
258 275 355 365.
365 355 275 258.
254 274 354 366.
366 354 274 254.
273 250 367 357.
357 367 250 273.
272 246 368 356.
356 368 246 272.
242 271 360 369.
369 360 271 242.
270 238 370 359.
359 370 238 270.
234 269 361 371.
371 361 269 234.
230 268 358 372.
372 358 268 230.
267 226 373 363.
363 373 226 267.
222 266 362 374.
374 362 266 222.
263 213 375 352.
352 375 213 263.
262 254 366 364.
364 366 254 262.
253 261 336 338.
338 336 261 253.
252 260 376 310.
310 376 260 252.
260 256 377 376.
376 377 256 260.
255 259 379 378.
378 379 259 255.
259 251 380 379.
379 380 251 259.
246 258 365 368.
368 365 258 246.
257 245 340 337.
337 340 245 257.
256 244 381 377.
377 381 244 256.
243 255 378 382.
382 378 255 243.
251 247 383 380.
380 383 247 251.
250 230 372 367.
367 372 230 250.
229 249 339 344.
344 339 249 229.
228 248 312 384.
384 312 248 228.
247 227 385 383.
383 385 227 247.
244 240 386 381.
381 386 240 244.
239 243 382 387.
387 382 243 239.
238 242 369 370.
370 369 242 238.
241 237 342 341.
341 342 237 241.
240 236 388 386.
386 388 236 240.
235 239 387 389.
389 387 239 235.
236 232 390 388.
388 390 232 236.
231 235 389 391.
391 389 235 231.
218 234 371 320.
320 371 234 218.
233 217 347 343.
343 347 217 233.
232 216 317 390.
390 317 216 232.
215 231 391 392.
392 391 231 215.
224 228 384 393.
393 384 228 224.
227 223 394 385.
385 394 223 227.
226 222 374 373.
373 374 222 226.
221 225 345 346.
346 345 225 221.
220 224 393 395.
395 393 224 220.
223 219 396 394.
394 396 219 223.
209 220 395 397.
397 395 220 209.
219 208 398 396.
396 398 208 219.
207 215 392 399.
399 392 215 207.
213 209 397 375.
375 397 209 213.
212 207 399 349.
349 399 207 212.
208 211 351 398.
398 351 211 208.
400 304 305 306.
306 305 304 400.
307 308 304 400.
400 304 308 307.
312 311 309 310.
310 309 311 312.
314 309 311 316.
316 311 309 314.
315 313 309 314.
314 309 313 315.
307 313 315 318.
318 315 313 307.
400 317 313 307.
307 313 317 400.
319 322 323 321.
321 323 322 319.
320 306 322 319.
319 322 306 320.
354 353 324 325.
325 324 353 354.
324 327 337 336.
336 337 327 324.
353 355 327 324.
324 327 355 353.
355 356 326 327.
327 326 356 355.
329 325 338 339.
339 338 325 329.
357 354 325 329.
329 325 354 357.
358 357 329 328.
328 329 357 358.
326 330 341 340.
340 341 330 326.
356 360 330 326.
326 330 360 356.
360 359 331 330.
330 331 359 360.
331 332 343 342.
342 343 332 331.
359 361 332 331.
331 332 361 359.
361 321 333 332.
332 333 321 361.
334 328 344 345.
345 344 328 334.
363 358 328 334.
334 328 358 363.
362 363 334 335.
335 334 363 362.
350 335 346 351.
351 346 335 350.
352 362 335 350.
350 335 362 352.
333 348 349 347.
347 349 348 333.
321 323 348 333.
333 348 323 321.
364 365 355 353.
353 355 365 364.
367 366 354 357.
357 354 366 367.
368 369 360 356.
356 360 369 368.
370 371 361 359.
359 361 371 370.
373 372 358 363.
363 358 372 373.
375 374 362 352.
352 362 374 375.
376 364 366 310.
310 366 364 376.
377 365 364 376.
376 364 365 377.
336 379 380 338.
338 380 379 336.
337 378 379 336.
336 379 378 337.
381 368 365 377.
377 365 368 381.
340 382 378 337.
337 378 382 340.
310 366 367 312.
312 367 366 310.
338 380 383 339.
339 383 380 338.
312 367 372 384.
384 372 367 312.
339 383 385 344.
344 385 383 339.
386 369 368 381.
381 368 369 386.
341 387 382 340.
340 382 387 341.
388 370 369 386.
386 369 370 388.
342 389 387 341.
341 387 389 342.
390 371 370 388.
388 370 371 390.
343 391 389 342.
342 389 391 343.
317 320 371 390.
390 371 320 317.
347 392 391 343.
343 391 392 347.
384 372 373 393.
393 373 372 384.
344 385 394 345.
345 394 385 344.
393 373 374 395.
395 374 373 393.
345 394 396 346.
346 396 394 345.
395 374 375 397.
397 375 374 395.
346 396 398 351.
351 398 396 346.
400 306 320 317.
317 320 306 400.
349 399 392 347.
347 392 399 349.
409 401 406 411.
411 406 401 409.
404 410 412 408.
408 412 410 404.
415 405 402 413.
413 402 405 415.
414 403 407 416.
416 407 403 414.
419 415 413 417.
417 413 415 419.
418 414 416 420.
420 416 414 418.
423 419 417 421.
421 417 419 423.
422 418 420 424.
424 420 418 422.
411 427 425 409.
409 425 427 411.
410 426 428 412.
412 428 426 410.
427 431 429 425.
425 429 431 427.
426 430 432 428.
428 432 430 426.
431 435 433 429.
429 433 435 431.
430 434 436 432.
432 436 434 430.
435 439 437 433.
433 437 439 435.
434 438 440 436.
436 440 438 434.
443 423 421 441.
441 421 423 443.
442 422 424 444.
444 424 422 442.
447 443 441 445.
445 441 443 447.
446 442 444 448.
448 444 442 446.
439 451 449 437.
437 449 451 439.
438 450 452 440.
440 452 450 438.
451 455 453 449.
449 453 455 451.
455 447 445 453.
453 445 447 455.
450 454 456 452.
452 456 454 450.
454 446 448 456.
456 448 446 454.
407 457 460 416.
416 460 457 407.
420 461 462 424.
424 462 461 420.
432 464 463 428.
428 463 464 432.
440 466 465 436.
436 465 466 440.
444 467 468 448.
448 468 467 444.
456 470 469 452.
452 469 470 456.
459 473 472 458.
458 472 473 459.
473 411 406 472.
472 406 411 473.
457 471 474 460.
460 474 471 457.
471 405 415 474.
474 415 405 471.
460 474 475 461.
461 475 474 460.
461 475 476 462.
462 476 475 461.
475 419 423 476.
476 423 419 475.
463 477 473 459.
459 473 477 463.
464 478 477 463.
463 477 478 464.
478 431 427 477.
477 427 431 478.
465 479 478 464.
464 478 479 465.
466 480 479 465.
465 479 480 466.
480 439 435 479.
479 435 439 480.
462 476 481 467.
467 481 476 462.
467 481 482 468.
468 482 481 467.
481 443 447 482.
482 447 443 481.
469 483 480 466.
466 480 483 469.
470 484 483 469.
469 483 484 470.
484 455 451 483.
483 451 455 484.
468 482 484 470.
470 484 482 468.
412 486 485 408.
408 485 486 412.
486 459 458 485.
485 458 459 486.
404 489 490 410.
410 490 489 404.
489 488 487 490.
490 487 488 489.
487 493 494 490.
490 494 493 487.
493 492 491 494.
494 491 492 493.
442 446 494 491.
491 494 446 442.
489 404 496 495.
495 496 404 489.
404 408 497 496.
496 497 408 404.
496 497 499 498.
498 499 497 496.
497 408 500 499.
499 500 408 497.
489 495 502 501.
501 502 495 489.
495 496 498 502.
502 498 496 495.
494 446 504 503.
503 504 446 494.
442 491 505 506.
506 505 491 442.
490 494 503 507.
507 503 494 490.
493 487 509 508.
508 509 487 493.
492 493 508 510.
510 508 493 492.
491 492 510 505.
505 510 492 491.
410 490 507 511.
511 507 490 410.
488 489 501 512.
512 501 489 488.
487 488 512 509.
509 512 488 487.
486 412 514 513.
513 514 412 486.
459 486 513 515.
515 513 486 459.
408 485 516 500.
500 516 485 408.
485 458 517 516.
516 517 458 485.
484 482 519 518.
518 519 482 484.
480 483 521 520.
520 521 483 480.
481 476 522 523.
523 522 476 481.
478 479 524 525.
525 524 479 478.
473 477 526 527.
527 526 477 473.
475 474 529 528.
528 529 474 475.
455 484 518 530.
530 518 484 455.
483 451 531 521.
521 531 451 483.
482 447 532 519.
519 532 447 482.
443 481 523 533.
533 523 481 443.
439 480 520 534.
534 520 480 439.
479 435 535 524.
524 535 435 479.
431 478 525 536.
536 525 478 431.
477 427 537 526.
526 537 427 477.
476 423 538 522.
522 538 423 476.
419 475 528 539.
539 528 475 419.
474 415 540 529.
529 540 415 474.
411 473 527 541.
541 527 473 411.
472 406 543 542.
542 543 406 472.
458 472 542 517.
517 542 472 458.
405 471 544 545.
545 544 471 405.
471 457 546 544.
544 546 457 471.
468 470 547 548.
548 547 470 468.
469 466 550 549.
549 550 466 469.
462 467 551 552.
552 551 467 462.
465 464 553 554.
554 553 464 465.
463 459 515 555.
555 515 459 463.
460 461 557 556.
556 557 461 460.
470 456 558 547.
547 558 456 470.
452 469 549 559.
559 549 469 452.
448 468 548 560.
560 548 468 448.
467 444 561 551.
551 561 444 467.
466 440 562 550.
550 562 440 466.
436 465 554 563.
563 554 465 436.
464 432 564 553.
553 564 432 464.
428 463 555 565.
565 555 463 428.
424 462 552 566.
566 552 462 424.
461 420 567 557.
557 567 420 461.
416 460 556 568.
568 556 460 416.
457 407 569 546.
546 569 407 457.
456 448 560 558.
558 560 448 456.
447 455 530 532.
532 530 455 447.
446 454 570 504.
504 570 454 446.
454 450 571 570.
570 571 450 454.
449 453 573 572.
572 573 453 449.
453 445 574 573.
573 574 445 453.
440 452 559 562.
562 559 452 440.
451 439 534 531.
531 534 439 451.
450 438 575 571.
571 575 438 450.
437 449 572 576.
576 572 449 437.
445 441 577 574.
574 577 441 445.
444 424 566 561.
561 566 424 444.
423 443 533 538.
538 533 443 423.
422 442 506 578.
578 506 442 422.
441 421 579 577.
577 579 421 441.
438 434 580 575.
575 580 434 438.
433 437 576 581.
581 576 437 433.
432 436 563 564.
564 563 436 432.
435 431 536 535.
535 536 431 435.
434 430 582 580.
580 582 430 434.
429 433 581 583.
583 581 433 429.
430 426 584 582.
582 584 426 430.
425 429 583 585.
585 583 429 425.
412 428 565 514.
514 565 428 412.
427 411 541 537.
537 541 411 427.
426 410 511 584.
584 511 410 426.
409 425 585 586.
586 585 425 409.
418 422 578 587.
587 578 422 418.
421 417 588 579.
579 588 417 421.
420 416 568 567.
567 568 416 420.
415 419 539 540.
540 539 419 415.
414 418 587 589.
589 587 418 414.
417 413 590 588.
588 590 413 417.
403 414 589 591.
591 589 414 403.
413 402 592 590.
590 592 402 413.
401 409 586 593.
593 586 409 401.
407 403 591 569.
569 591 403 407.
406 401 593 543.
543 593 401 406.
402 405 545 592.
592 545 405 402.
594 498 499 500.
500 499 498 594.
501 502 498 594.
594 498 502 501.
506 505 503 504.
504 503 505 506.
508 503 505 510.
510 505 503 508.
509 507 503 508.
508 503 507 509.
501 507 509 512.
512 509 507 501.
594 511 507 501.
501 507 511 594.
513 516 517 515.
515 517 516 513.
514 500 516 513.
513 516 500 514.
548 547 518 519.
519 518 547 548.
518 521 531 530.
530 531 521 518.
547 549 521 518.
518 521 549 547.
549 550 520 521.
521 520 550 549.
523 519 532 533.
533 532 519 523.
551 548 519 523.
523 519 548 551.
552 551 523 522.
522 523 551 552.
520 524 535 534.
534 535 524 520.
550 554 524 520.
520 524 554 550.
554 553 525 524.
524 525 553 554.
525 526 537 536.
536 537 526 525.
553 555 526 525.
525 526 555 553.
555 515 527 526.
526 527 515 555.
528 522 538 539.
539 538 522 528.
557 552 522 528.
528 522 552 557.
556 557 528 529.
529 528 557 556.
544 529 540 545.
545 540 529 544.
546 556 529 544.
544 529 556 546.
527 542 543 541.
541 543 542 527.
515 517 542 527.
527 542 517 515.
558 559 549 547.
547 549 559 558.
561 560 548 551.
551 548 560 561.
562 563 554 550.
550 554 563 562.
564 565 555 553.
553 555 565 564.
567 566 552 557.
557 552 566 567.
569 568 556 546.
546 556 568 569.
570 558 560 504.
504 560 558 570.
571 559 558 570.
570 558 559 571.
530 573 574 532.
532 574 573 530.
531 572 573 530.
530 573 572 531.
575 562 559 571.
571 559 562 575.
534 576 572 531.
531 572 576 534.
504 560 561 506.
506 561 560 504.
532 574 577 533.
533 577 574 532.
506 561 566 578.
578 566 561 506.
533 577 579 538.
538 579 577 533.
580 563 562 575.
575 562 563 580.
535 581 576 534.
534 576 581 535.
582 564 563 580.
580 563 564 582.
536 583 581 535.
535 581 583 536.
584 565 564 582.
582 564 565 584.
537 585 583 536.
536 583 585 537.
511 514 565 584.
584 565 514 511.
541 586 585 537.
537 585 586 541.
578 566 567 587.
587 567 566 578.
538 579 588 539.
539 588 579 538.
587 567 568 589.
589 568 567 587.
539 588 590 540.
540 590 588 539.
589 568 569 591.
591 569 568 589.
540 590 592 545.
545 592 590 540.
594 500 514 511.
511 514 500 594.
543 593 586 541.
541 586 593 543.
607 599 604 609.
609 604 599 607.
602 608 610 606.
606 610 608 602.
613 603 600 611.
611 600 603 613.
612 601 605 614.
614 605 601 612.
617 613 611 615.
615 611 613 617.
616 612 614 618.
618 614 612 616.
621 617 615 619.
619 615 617 621.
620 616 618 622.
622 618 616 620.
609 625 623 607.
607 623 625 609.
608 624 626 610.
610 626 624 608.
625 629 627 623.
623 627 629 625.
624 628 630 626.
626 630 628 624.
629 633 631 627.
627 631 633 629.
628 632 634 630.
630 634 632 628.
633 637 635 631.
631 635 637 633.
632 636 638 634.
634 638 636 632.
641 621 619 639.
639 619 621 641.
640 620 622 642.
642 622 620 640.
645 641 639 643.
643 639 641 645.
644 640 642 646.
646 642 640 644.
637 649 647 635.
635 647 649 637.
636 648 650 638.
638 650 648 636.
649 653 651 647.
647 651 653 649.
653 645 643 651.
651 643 645 653.
648 652 654 650.
650 654 652 648.
652 644 646 654.
654 646 644 652.
605 655 658 614.
614 658 655 605.
618 659 660 622.
622 660 659 618.
630 662 661 626.
626 661 662 630.
638 664 663 634.
634 663 664 638.
642 665 666 646.
646 666 665 642.
654 668 667 650.
650 667 668 654.
657 671 670 656.
656 670 671 657.
671 609 604 670.
670 604 609 671.
655 669 672 658.
658 672 669 655.
669 603 613 672.
672 613 603 669.
658 672 673 659.
659 673 672 658.
659 673 674 660.
660 674 673 659.
673 617 621 674.
674 621 617 673.
661 675 671 657.
657 671 675 661.
662 676 675 661.
661 675 676 662.
676 629 625 675.
675 625 629 676.
663 677 676 662.
662 676 677 663.
664 678 677 663.
663 677 678 664.
678 637 633 677.
677 633 637 678.
660 674 679 665.
665 679 674 660.
665 679 680 666.
666 680 679 665.
679 641 645 680.
680 645 641 679.
667 681 678 664.
664 678 681 667.
668 682 681 667.
667 681 682 668.
682 653 649 681.
681 649 653 682.
666 680 682 668.
668 682 680 666.
610 684 683 606.
606 683 684 610.
684 657 656 683.
683 656 657 684.
602 687 688 608.
608 688 687 602.
687 686 685 688.
688 685 686 687.
685 691 692 688.
688 692 691 685.
691 690 689 692.
692 689 690 691.
640 644 692 689.
689 692 644 640.
687 602 694 693.
693 694 602 687.
602 606 695 694.
694 695 606 602.
694 695 697 696.
696 697 695 694.
695 606 698 697.
697 698 606 695.
687 693 700 699.
699 700 693 687.
693 694 696 700.
700 696 694 693.
692 644 702 701.
701 702 644 692.
640 689 703 704.
704 703 689 640.
688 692 701 705.
705 701 692 688.
691 685 707 706.
706 707 685 691.
690 691 706 708.
708 706 691 690.
689 690 708 703.
703 708 690 689.
608 688 705 709.
709 705 688 608.
686 687 699 710.
710 699 687 686.
685 686 710 707.
707 710 686 685.
684 610 712 711.
711 712 610 684.
657 684 711 713.
713 711 684 657.
606 683 714 698.
698 714 683 606.
683 656 715 714.
714 715 656 683.
682 680 717 716.
716 717 680 682.
678 681 719 718.
718 719 681 678.
679 674 720 721.
721 720 674 679.
676 677 722 723.
723 722 677 676.
671 675 724 725.
725 724 675 671.
673 672 727 726.
726 727 672 673.
653 682 716 728.
728 716 682 653.
681 649 729 719.
719 729 649 681.
680 645 730 717.
717 730 645 680.
641 679 721 731.
731 721 679 641.
637 678 718 732.
732 718 678 637.
677 633 733 722.
722 733 633 677.
629 676 723 734.
734 723 676 629.
675 625 735 724.
724 735 625 675.
674 621 736 720.
720 736 621 674.
617 673 726 737.
737 726 673 617.
672 613 738 727.
727 738 613 672.
609 671 725 739.
739 725 671 609.
670 604 741 740.
740 741 604 670.
656 670 740 715.
715 740 670 656.
603 669 742 743.
743 742 669 603.
669 655 744 742.
742 744 655 669.
666 668 745 746.
746 745 668 666.
667 664 748 747.
747 748 664 667.
660 665 749 750.
750 749 665 660.
663 662 751 752.
752 751 662 663.
661 657 713 753.
753 713 657 661.
658 659 755 754.
754 755 659 658.
668 654 756 745.
745 756 654 668.
650 667 747 757.
757 747 667 650.
646 666 746 758.
758 746 666 646.
665 642 759 749.
749 759 642 665.
664 638 760 748.
748 760 638 664.
634 663 752 761.
761 752 663 634.
662 630 762 751.
751 762 630 662.
626 661 753 763.
763 753 661 626.
622 660 750 764.
764 750 660 622.
659 618 765 755.
755 765 618 659.
614 658 754 766.
766 754 658 614.
655 605 767 744.
744 767 605 655.
654 646 758 756.
756 758 646 654.
645 653 728 730.
730 728 653 645.
644 652 768 702.
702 768 652 644.
652 648 769 768.
768 769 648 652.
647 651 771 770.
770 771 651 647.
651 643 772 771.
771 772 643 651.
638 650 757 760.
760 757 650 638.
649 637 732 729.
729 732 637 649.
648 636 773 769.
769 773 636 648.
635 647 770 774.
774 770 647 635.
643 639 775 772.
772 775 639 643.
642 622 764 759.
759 764 622 642.
621 641 731 736.
736 731 641 621.
620 640 704 776.
776 704 640 620.
639 619 777 775.
775 777 619 639.
636 632 778 773.
773 778 632 636.
631 635 774 779.
779 774 635 631.
630 634 761 762.
762 761 634 630.
633 629 734 733.
733 734 629 633.
632 628 780 778.
778 780 628 632.
627 631 779 781.
781 779 631 627.
628 624 782 780.
780 782 624 628.
623 627 781 783.
783 781 627 623.
610 626 763 712.
712 763 626 610.
625 609 739 735.
735 739 609 625.
624 608 709 782.
782 709 608 624.
607 623 783 784.
784 783 623 607.
616 620 776 785.
785 776 620 616.
619 615 786 777.
777 786 615 619.
618 614 766 765.
765 766 614 618.
613 617 737 738.
738 737 617 613.
612 616 785 787.
787 785 616 612.
615 611 788 786.
786 788 611 615.
601 612 787 789.
789 787 612 601.
611 600 790 788.
788 790 600 611.
599 607 784 791.
791 784 607 599.
605 601 789 767.
767 789 601 605.
604 599 791 741.
741 791 599 604.
600 603 743 790.
790 743 603 600.
792 696 697 698.
698 697 696 792.
699 700 696 792.
792 696 700 699.
704 703 701 702.
702 701 703 704.
706 701 703 708.
708 703 701 706.
707 705 701 706.
706 701 705 707.
699 705 707 710.
710 707 705 699.
792 709 705 699.
699 705 709 792.
711 714 715 713.
713 715 714 711.
712 698 714 711.
711 714 698 712.
746 745 716 717.
717 716 745 746.
716 719 729 728.
728 729 719 716.
745 747 719 716.
716 719 747 745.
747 748 718 719.
719 718 748 747.
721 717 730 731.
731 730 717 721.
749 746 717 721.
721 717 746 749.
750 749 721 720.
720 721 749 750.
718 722 733 732.
732 733 722 718.
748 752 722 718.
718 722 752 748.
752 751 723 722.
722 723 751 752.
723 724 735 734.
734 735 724 723.
751 753 724 723.
723 724 753 751.
753 713 725 724.
724 725 713 753.
726 720 736 737.
737 736 720 726.
755 750 720 726.
726 720 750 755.
754 755 726 727.
727 726 755 754.
742 727 738 743.
743 738 727 742.
744 754 727 742.
742 727 754 744.
725 740 741 739.
739 741 740 725.
713 715 740 725.
725 740 715 713.
756 757 747 745.
745 747 757 756.
759 758 746 749.
749 746 758 759.
760 761 752 748.
748 752 761 760.
762 763 753 751.
751 753 763 762.
765 764 750 755.
755 750 764 765.
767 766 754 744.
744 754 766 767.
768 756 758 702.
702 758 756 768.
769 757 756 768.
768 756 757 769.
728 771 772 730.
730 772 771 728.
729 770 771 728.
728 771 770 729.
773 760 757 769.
769 757 760 773.
732 774 770 729.
729 770 774 732.
702 758 759 704.
704 759 758 702.
730 772 775 731.
731 775 772 730.
704 759 764 776.
776 764 759 704.
731 775 777 736.
736 777 775 731.
778 761 760 773.
773 760 761 778.
733 779 774 732.
732 774 779 733.
780 762 761 778.
778 761 762 780.
734 781 779 733.
733 779 781 734.
782 763 762 780.
780 762 763 782.
735 783 781 734.
734 781 783 735.
709 712 763 782.
782 763 712 709.
739 784 783 735.
735 783 784 739.
776 764 765 785.
785 765 764 776.
736 777 786 737.
737 786 777 736.
785 765 766 787.
787 766 765 785.
737 786 788 738.
738 788 786 737.
787 766 767 789.
789 767 766 787.
738 788 790 743.
743 790 788 738.
792 698 712 709.
709 712 698 792.
741 791 784 739.
739 784 791 741.
857 793 794.
794 793 857.
858 826 825.
825 826 858.
857 794 795.
795 794 857.
858 827 826.
826 827 858.
857 795 796.
796 795 857.
858 828 827.
827 828 858.
857 796 797.
797 796 857.
858 829 828.
828 829 858.
857 797 798.
798 797 857.
858 830 829.
829 830 858.
857 798 799.
799 798 857.
858 831 830.
830 831 858.
857 799 800.
800 799 857.
858 832 831.
831 832 858.
857 800 801.
801 800 857.
858 833 832.
832 833 858.
857 801 802.
802 801 857.
858 834 833.
833 834 858.
857 802 803.
803 802 857.
858 835 834.
834 835 858.
857 803 804.
804 803 857.
858 836 835.
835 836 858.
857 804 805.
805 804 857.
858 837 836.
836 837 858.
857 805 806.
806 805 857.
858 838 837.
837 838 858.
857 806 807.
807 806 857.
858 839 838.
838 839 858.
857 807 808.
808 807 857.
858 840 839.
839 840 858.
857 808 809.
809 808 857.
858 841 840.
840 841 858.
857 809 810.
810 809 857.
858 842 841.
841 842 858.
857 810 811.
811 810 857.
858 843 842.
842 843 858.
857 811 812.
812 811 857.
858 844 843.
843 844 858.
857 812 813.
813 812 857.
858 845 844.
844 845 858.
857 813 814.
814 813 857.
858 846 845.
845 846 858.
857 814 815.
815 814 857.
858 847 846.
846 847 858.
857 815 816.
816 815 857.
858 848 847.
847 848 858.
857 816 817.
817 816 857.
858 849 848.
848 849 858.
857 817 818.
818 817 857.
858 850 849.
849 850 858.
857 818 819.
819 818 857.
858 851 850.
850 851 858.
857 819 820.
820 819 857.
858 852 851.
851 852 858.
857 820 821.
821 820 857.
858 853 852.
852 853 858.
857 821 822.
822 821 857.
858 854 853.
853 854 858.
857 822 823.
823 822 857.
858 855 854.
854 855 858.
857 823 824.
824 823 857.
858 856 855.
855 856 858.
824 793 857.
857 793 824.
858 825 856.
856 825 858.
793 825 826 794.
794 826 825 793.
794 826 827 795.
795 827 826 794.
795 827 828 796.
796 828 827 795.
796 828 829 797.
797 829 828 796.
797 829 830 798.
798 830 829 797.
798 830 831 799.
799 831 830 798.
799 831 832 800.
800 832 831 799.
800 832 833 801.
801 833 832 800.
801 833 834 802.
802 834 833 801.
802 834 835 803.
803 835 834 802.
803 835 836 804.
804 836 835 803.
804 836 837 805.
805 837 836 804.
805 837 838 806.
806 838 837 805.
806 838 839 807.
807 839 838 806.
807 839 840 808.
808 840 839 807.
808 840 841 809.
809 841 840 808.
809 841 842 810.
810 842 841 809.
810 842 843 811.
811 843 842 810.
811 843 844 812.
812 844 843 811.
812 844 845 813.
813 845 844 812.
813 845 846 814.
814 846 845 813.
814 846 847 815.
815 847 846 814.
815 847 848 816.
816 848 847 815.
816 848 849 817.
817 849 848 816.
817 849 850 818.
818 850 849 817.
818 850 851 819.
819 851 850 818.
819 851 852 820.
820 852 851 819.
820 852 853 821.
821 853 852 820.
821 853 854 822.
822 854 853 821.
822 854 855 823.
823 855 854 822.
823 855 856 824.
824 856 855 823.
825 793 824 856.
856 824 793 825.
867 861 862 868.
868 862 861 867.
870 866 865 869.
869 865 866 870.
872 859 860 871.
871 860 859 872.
871 867 868 872.
872 868 867 871.
863 874 873 864.
864 873 874 863.
876 863 864 875.
875 864 863 876.
877 865 866 878.
878 866 865 877.
865 877 879 869.
869 879 877 865.
878 866 870 880.
880 870 866 878.
873 881 875 864.
864 875 881 873.
882 874 863 876.
876 863 874 882.
859 884 883 860.
860 883 884 859.
884 876 875 883.
883 875 876 884.
861 885 886 862.
862 886 885 861.
885 877 878 886.
886 878 877 885.
877 885 887 879.
879 887 885 877.
885 861 867 887.
887 867 861 885.
862 886 888 868.
868 888 886 862.
886 878 880 888.
888 880 878 886.
881 889 883 875.
875 883 889 881.
889 871 860 883.
883 860 871 889.
887 867 871 889.
889 871 867 887.
884 859 872 890.
890 872 859 884.
890 882 876 884.
884 876 882 890.
868 888 890 872.
872 890 888 868.
879 887 888 880.
880 888 887 879.
887 889 890 888.
888 890 889 887.
881 882 890 889.
889 890 882 881.
874 896 893 873.
873 893 896 874.
896 895 892 893.
893 892 895 896.
895 894 891 892.
892 891 894 895.
894 870 869 891.
891 869 870 894.
879 897 891 869.
869 891 897 879.
897 898 892 891.
891 892 898 897.
898 899 893 892.
892 893 899 898.
899 881 873 893.
893 873 881 899.
870 894 900 880.
880 900 894 870.
894 895 901 900.
900 901 895 894.
895 896 902 901.
901 902 896 895.
896 874 882 902.
902 882 874 896.
880 900 897 879.
879 897 900 880.
902 882 881 899.
899 881 882 902.
901 898 903 904.
904 903 898 901.
897 900 906 905.
905 906 900 897.
900 901 904 906.
906 904 901 900.
898 897 905 903.
903 905 897 898.
906 904 903 905.
905 903 904 906.
902 899 907 908.
908 907 899 902.
898 901 910 909.
909 910 901 898.
901 902 908 910.
910 908 902 901.
899 898 909 907.
907 909 898 899.
910 908 907 909.
909 907 908 910.
943 944 945 946.
946 945 944 943.
947 950 949 948.
948 949 950 947.
943 947 948 944.
944 948 947 943.
944 948 949 945.
945 949 948 944.
945 949 950 946.
946 950 949 945.
947 943 946 950.
950 946 943 947.
960 953 955 961.
961 955 953 960.
962 957 952 959.
959 952 957 962.
961 955 957 962.
962 957 955 961.
954 964 965 956.
956 965 964 954.
964 960 961 965.
965 961 960 964.
963 951 958 966.
966 958 951 963.
966 962 959 963.
963 959 962 966.
956 965 966 958.
958 966 965 956.
966 965 967 968.
968 967 965 966.
962 966 968 969.
969 968 966 962.
965 961 970 967.
967 970 961 965.
964 954 972 971.
971 972 954 964.
960 964 971 973.
973 971 964 960.
951 963 974 975.
975 974 963 951.
963 959 976 974.
974 976 959 963.
961 962 969 970.
970 969 962 961.
953 960 973 977.
977 973 960 953.
959 952 978 976.
976 978 952 959.
958 951 975 979.
979 975 951 958.
956 958 979 980.
980 979 958 956.
952 957 981 978.
978 981 957 952.
957 955 982 981.
981 982 955 957.
954 956 980 972.
972 980 956 954.
955 953 977 982.
982 977 953 955.
980 979 968 967.
967 968 979 980.
968 974 976 969.
969 976 974 968.
979 975 974 968.
968 974 975 979.
971 967 970 973.
973 970 967 971.
972 980 967 971.
971 967 980 972.
970 969 981 982.
982 981 969 970.
969 976 978 981.
981 978 976 969.
973 970 982 977.
977 982 970 973.
991 985 986 992.
992 986 985 991.
994 990 989 993.
993 989 990 994.
996 983 984 995.
995 984 983 996.
995 991 992 996.
996 992 991 995.
987 998 997 988.
988 997 998 987.
1000 987 988 999.
999 988 987 1000.
1001 989 990 1002.
1002 990 989 1001.
989 1001 1003 993.
993 1003 1001 989.
1002 990 994 1004.
1004 994 990 1002.
997 1005 999 988.
988 999 1005 997.
1006 998 987 1000.
1000 987 998 1006.
983 1008 1007 984.
984 1007 1008 983.
1008 1000 999 1007.
1007 999 1000 1008.
985 1009 1010 986.
986 1010 1009 985.
1009 1001 1002 1010.
1010 1002 1001 1009.
1001 1009 1011 1003.
1003 1011 1009 1001.
1009 985 991 1011.
1011 991 985 1009.
986 1010 1012 992.
992 1012 1010 986.
1010 1002 1004 1012.
1012 1004 1002 1010.
1005 1013 1007 999.
999 1007 1013 1005.
1013 995 984 1007.
1007 984 995 1013.
1011 991 995 1013.
1013 995 991 1011.
1008 983 996 1014.
1014 996 983 1008.
1014 1006 1000 1008.
1008 1000 1006 1014.
992 1012 1014 996.
996 1014 1012 992.
1003 1011 1012 1004.
1004 1012 1011 1003.
1011 1013 1014 1012.
1012 1014 1013 1011.
1005 1006 1014 1013.
1013 1014 1006 1005.
998 1020 1017 997.
997 1017 1020 998.
1020 1019 1016 1017.
1017 1016 1019 1020.
1019 1018 1015 1016.
1016 1015 1018 1019.
1018 994 993 1015.
1015 993 994 1018.
1003 1021 1015 993.
993 1015 1021 1003.
1021 1022 1016 1015.
1015 1016 1022 1021.
1022 1023 1017 1016.
1016 1017 1023 1022.
1023 1005 997 1017.
1017 997 1005 1023.
994 1018 1024 1004.
1004 1024 1018 994.
1018 1019 1025 1024.
1024 1025 1019 1018.
1019 1020 1026 1025.
1025 1026 1020 1019.
1020 998 1006 1026.
1026 1006 998 1020.
1004 1024 1021 1003.
1003 1021 1024 1004.
1026 1006 1005 1023.
1023 1005 1006 1026.
1025 1022 1027 1028.
1028 1027 1022 1025.
1021 1024 1030 1029.
1029 1030 1024 1021.
1024 1025 1028 1030.
1030 1028 1025 1024.
1022 1021 1029 1027.
1027 1029 1021 1022.
1030 1028 1027 1029.
1029 1027 1028 1030.
1026 1023 1031 1032.
1032 1031 1023 1026.
1022 1025 1034 1033.
1033 1034 1025 1022.
1025 1026 1032 1034.
1034 1032 1026 1025.
1023 1022 1033 1031.
1031 1033 1022 1023.
1034 1032 1031 1033.
1033 1031 1032 1034.
1211 1205 1206 1212.
1212 1206 1205 1211.
1214 1210 1209 1213.
1213 1209 1210 1214.
1216 1203 1204 1215.
1215 1204 1203 1216.
1215 1211 1212 1216.
1216 1212 1211 1215.
1207 1218 1217 1208.
1208 1217 1218 1207.
1220 1207 1208 1219.
1219 1208 1207 1220.
1221 1209 1210 1222.
1222 1210 1209 1221.
1209 1221 1223 1213.
1213 1223 1221 1209.
1222 1210 1214 1224.
1224 1214 1210 1222.
1217 1225 1219 1208.
1208 1219 1225 1217.
1226 1218 1207 1220.
1220 1207 1218 1226.
1203 1228 1227 1204.
1204 1227 1228 1203.
1228 1220 1219 1227.
1227 1219 1220 1228.
1205 1229 1230 1206.
1206 1230 1229 1205.
1229 1221 1222 1230.
1230 1222 1221 1229.
1221 1229 1231 1223.
1223 1231 1229 1221.
1229 1205 1211 1231.
1231 1211 1205 1229.
1206 1230 1232 1212.
1212 1232 1230 1206.
1230 1222 1224 1232.
1232 1224 1222 1230.
1225 1233 1227 1219.
1219 1227 1233 1225.
1233 1215 1204 1227.
1227 1204 1215 1233.
1231 1211 1215 1233.
1233 1215 1211 1231.
1228 1203 1216 1234.
1234 1216 1203 1228.
1234 1226 1220 1228.
1228 1220 1226 1234.
1212 1232 1234 1216.
1216 1234 1232 1212.
1223 1231 1232 1224.
1224 1232 1231 1223.
1231 1233 1234 1232.
1232 1234 1233 1231.
1225 1226 1234 1233.
1233 1234 1226 1225.
1218 1240 1237 1217.
1217 1237 1240 1218.
1240 1239 1236 1237.
1237 1236 1239 1240.
1239 1238 1235 1236.
1236 1235 1238 1239.
1238 1214 1213 1235.
1235 1213 1214 1238.
1223 1241 1235 1213.
1213 1235 1241 1223.
1241 1242 1236 1235.
1235 1236 1242 1241.
1242 1243 1237 1236.
1236 1237 1243 1242.
1243 1225 1217 1237.
1237 1217 1225 1243.
1214 1238 1244 1224.
1224 1244 1238 1214.
1238 1239 1245 1244.
1244 1245 1239 1238.
1239 1240 1246 1245.
1245 1246 1240 1239.
1240 1218 1226 1246.
1246 1226 1218 1240.
1224 1244 1241 1223.
1223 1241 1244 1224.
1246 1226 1225 1243.
1243 1225 1226 1246.
1245 1242 1247 1248.
1248 1247 1242 1245.
1241 1244 1250 1249.
1249 1250 1244 1241.
1244 1245 1248 1250.
1250 1248 1245 1244.
1242 1241 1249 1247.
1247 1249 1241 1242.
1250 1248 1247 1249.
1249 1247 1248 1250.
1246 1243 1251 1252.
1252 1251 1243 1246.
1242 1245 1254 1253.
1253 1254 1245 1242.
1245 1246 1252 1254.
1254 1252 1246 1245.
1243 1242 1253 1251.
1251 1253 1242 1243.
1254 1252 1251 1253.
1253 1251 1252 1254.
1264 1259 1260 1263.
1263 1260 1259 1264.
1265 1261 1262 1266.
1266 1262 1261 1265.
1267 1257 1258 1268.
1268 1258 1257 1267.
1270 1262 1261 1269.
1269 1261 1262 1270.
1269 1261 1265 1271.
1271 1265 1261 1269.
1272 1266 1262 1270.
1270 1262 1266 1272.
1274 1255 1256 1273.
1273 1256 1255 1274.
1259 1276 1275 1260.
1260 1275 1276 1259.
1260 1275 1277 1263.
1263 1277 1275 1260.
1264 1278 1276 1259.
1259 1276 1278 1264.
1284 1264 1263 1283.
1283 1263 1264 1284.
1285 1265 1266 1286.
1286 1266 1265 1285.
1265 1285 1287 1271.
1271 1287 1285 1265.
1286 1266 1272 1288.
1288 1272 1266 1286.
1277 1289 1283 1263.
1263 1283 1289 1277.
1290 1278 1264 1284.
1284 1264 1278 1290.
1289 1277 1279 1291.
1291 1279 1277 1289.
1271 1287 1292 1281.
1281 1292 1287 1271.
1255 1294 1293 1256.
1256 1293 1294 1255.
1294 1284 1283 1293.
1293 1283 1284 1294.
1257 1295 1296 1258.
1258 1296 1295 1257.
1295 1285 1286 1296.
1296 1286 1285 1295.
1285 1295 1297 1287.
1287 1297 1295 1285.
1295 1257 1267 1297.
1297 1267 1257 1295.
1258 1296 1298 1268.
1268 1298 1296 1258.
1296 1286 1288 1298.
1298 1288 1286 1296.
1289 1299 1293 1283.
1283 1293 1299 1289.
1299 1273 1256 1293.
1293 1256 1273 1299.
1294 1255 1274 1300.
1300 1274 1255 1294.
1300 1290 1284 1294.
1294 1284 1290 1300.
1273 1299 1301 1280.
1280 1301 1299 1273.
1299 1289 1291 1301.
1301 1291 1289 1299.
1287 1297 1302 1292.
1292 1302 1297 1287.
1297 1267 1282 1302.
1302 1282 1267 1297.
1303 1267 1268 1304.
1304 1268 1267 1303.
1306 1270 1269 1305.
1305 1269 1270 1306.
1305 1269 1271 1307.
1307 1271 1269 1305.
1308 1272 1270 1306.
1306 1270 1272 1308.
1307 1271 1281 1309.
1309 1281 1271 1307.
1267 1303 1310 1282.
1282 1310 1303 1267.
1272 1308 1311 1288.
1288 1311 1308 1272.
1292 1312 1309 1281.
1281 1309 1312 1292.
1298 1313 1304 1268.
1268 1304 1313 1298.
1288 1311 1313 1298.
1298 1313 1311 1288.
1302 1314 1312 1292.
1292 1312 1314 1302.
1282 1310 1314 1302.
1302 1314 1310 1282.
1273 1315 1316 1274.
1274 1316 1315 1273.
1315 1303 1304 1316.
1316 1304 1303 1315.
1276 1318 1317 1275.
1275 1317 1318 1276.
1318 1306 1305 1317.
1317 1305 1306 1318.
1275 1317 1319 1277.
1277 1319 1317 1275.
1317 1305 1307 1319.
1319 1307 1305 1317.
1278 1320 1318 1276.
1276 1318 1320 1278.
1320 1308 1306 1318.
1318 1306 1308 1320.
1277 1319 1321 1279.
1279 1321 1319 1277.
1319 1307 1309 1321.
1321 1309 1307 1319.
1303 1315 1322 1310.
1310 1322 1315 1303.
1315 1273 1280 1322.
1322 1280 1273 1315.
1308 1320 1323 1311.
1311 1323 1320 1308.
1320 1278 1290 1323.
1323 1290 1278 1320.
1312 1324 1321 1309.
1309 1321 1324 1312.
1324 1291 1279 1321.
1321 1279 1291 1324.
1313 1325 1316 1304.
1304 1316 1325 1313.
1325 1300 1274 1316.
1316 1274 1300 1325.
1311 1323 1325 1313.
1313 1325 1323 1311.
1323 1290 1300 1325.
1325 1300 1290 1323.
1326 1301 1291 1324.
1324 1291 1301 1326.
1310 1322 1326 1314.
1314 1326 1322 1310.
1322 1280 1301 1326.
1326 1301 1280 1322.
1326 1324 1327 1328.
1328 1327 1324 1326.
1314 1326 1328 1329.
1329 1328 1326 1314.
1324 1312 1330 1327.
1327 1330 1312 1324.
1312 1314 1329 1330.
1330 1329 1314 1312.
1329 1328 1327 1330.
1330 1327 1328 1329.
911 918 919 926.
926 919 918 911.
917 918 919 920.
920 919 918 917.
917 916 921 920.
920 921 916 917.
916 915 922 921.
921 922 915 916.
914 915 922 923.
923 922 915 914.
913 914 923 924.
924 923 914 913.
913 912 925 924.
924 925 912 913.
911 912 925 926.
926 925 912 911.
926 925 928 927.
927 928 925 926.
924 925 928 929.
929 928 925 924.
924 923 930 929.
929 930 923 924.
923 922 931 930.
930 931 922 923.
921 922 931 932.
932 931 922 921.
920 921 932 933.
933 932 921 920.
920 919 934 933.
933 934 919 920.
926 919 934 927.
927 934 919 926.
927 934 935 942.
942 935 934 927.
933 934 935 936.
936 935 934 933.
933 932 937 936.
936 937 932 933.
932 931 938 937.
937 938 931 932.
930 931 938 939.
939 938 931 930.
929 930 939 940.
940 939 930 929.
929 928 941 940.
940 941 928 929.
927 928 941 942.
942 941 928 927.
1039 1038 1041 1040.
1040 1041 1038 1039.
1038 1037 1042 1041.
1041 1042 1037 1038.
1037 1036 1043 1042.
1042 1043 1036 1037.
1036 1035 1044 1043.
1043 1044 1035 1036.
1048 1054 1055 1049.
1049 1055 1054 1048.
1054 1045 1052 1055.
1055 1052 1045 1054.
1046 1053 1056 1051.
1051 1056 1053 1046.
1053 1047 1050 1056.
1056 1050 1047 1053.
1090 1057 1072 1089.
1089 1072 1057 1090.
1072 1089 1091 1071.
1071 1091 1089 1072.
1070 1092 1091 1071.
1071 1091 1092 1070.
1070 1092 1093 1069.
1069 1093 1092 1070.
1068 1094 1093 1069.
1069 1093 1094 1068.
1067 1095 1094 1068.
1068 1094 1095 1067.
1067 1095 1096 1066.
1066 1096 1095 1067.
1065 1097 1096 1066.
1066 1096 1097 1065.
1065 1097 1098 1064.
1064 1098 1097 1065.
1064 1098 1099 1063.
1063 1099 1098 1064.
1062 1100 1099 1063.
1063 1099 1100 1062.
1062 1100 1101 1061.
1061 1101 1100 1062.
1060 1102 1101 1061.
1061 1101 1102 1060.
1060 1102 1103 1059.
1059 1103 1102 1060.
1058 1104 1103 1059.
1059 1103 1104 1058.
1090 1057 1058 1104.
1104 1058 1057 1090.
1098 1097 1106 1105.
1105 1106 1097 1098.
1096 1097 1106 1107.
1107 1106 1097 1096.
1080 1081 1108 1110.
1110 1108 1081 1080.
1080 1079 1109 1110.
1110 1109 1079 1080.
1089 1111 1112 1090.
1090 1112 1111 1089.
1111 1073 1088 1112.
1112 1088 1073 1111.
1089 1111 1113 1091.
1091 1113 1111 1089.
1111 1073 1074 1113.
1113 1074 1073 1111.
1092 1114 1113 1091.
1091 1113 1114 1092.
1114 1075 1074 1113.
1113 1074 1075 1114.
1092 1114 1115 1093.
1093 1115 1114 1092.
1114 1075 1076 1115.
1115 1076 1075 1114.
1116 1077 1076 1115.
1115 1076 1077 1116.
1117 1078 1077 1116.
1116 1077 1078 1117.
1095 1117 1118 1096.
1096 1118 1117 1095.
1117 1078 1079 1118.
1118 1079 1078 1117.
1098 1119 1120 1099.
1099 1120 1119 1098.
1119 1081 1082 1120.
1120 1082 1081 1119.
1121 1083 1082 1120.
1120 1082 1083 1121.
1121 1083 1084 1122.
1122 1084 1083 1121.
1102 1123 1122 1101.
1101 1122 1123 1102.
1123 1085 1084 1122.
1122 1084 1085 1123.
1102 1123 1124 1103.
1103 1124 1123 1102.
1123 1085 1086 1124.
1124 1086 1085 1123.
1125 1087 1086 1124.
1124 1086 1087 1125.
1125 1087 1088 1112.
1112 1088 1087 1125.
1081 1119 1126 1108.
1108 1126 1119 1081.
1119 1098 1105 1126.
1126 1105 1098 1119.
1079 1118 1127 1109.
1109 1127 1118 1079.
1118 1096 1107 1127.
1127 1107 1096 1118.
1106 1128 1126 1105.
1105 1126 1128 1106.
1128 1110 1108 1126.
1126 1108 1110 1128.
1106 1128 1127 1107.
1107 1127 1128 1106.
1128 1110 1109 1127.
1127 1109 1110 1128.
1121 1122 1130 1129.
1129 1130 1122 1121.
1121 1120 1131 1129.
1129 1131 1120 1121.
1122 1101 1132 1130.
1130 1132 1101 1122.
1120 1099 1133 1131.
1131 1133 1099 1120.
1101 1100 1134 1132.
1132 1134 1100 1101.
1099 1100 1134 1133.
1133 1134 1100 1099.
1134 1129 1130 1132.
1132 1130 1129 1134.
1134 1129 1131 1133.
1133 1131 1129 1134.
1117 1116 1135 1136.
1136 1135 1116 1117.
1116 1115 1137 1135.
1135 1137 1115 1116.
1095 1117 1136 1138.
1138 1136 1117 1095.
1115 1093 1139 1137.
1137 1139 1093 1115.
1094 1095 1138 1140.
1140 1138 1095 1094.
1093 1094 1140 1139.
1139 1140 1094 1093.
1138 1136 1135 1140.
1140 1135 1136 1138.
1140 1135 1137 1139.
1139 1137 1135 1140.
1125 1112 1141 1142.
1142 1141 1112 1125.
1125 1124 1143 1142.
1142 1143 1124 1125.
1124 1103 1144 1143.
1143 1144 1103 1124.
1112 1090 1145 1141.
1141 1145 1090 1112.
1090 1104 1146 1145.
1145 1146 1104 1090.
1103 1104 1146 1144.
1144 1146 1104 1103.
1146 1142 1141 1145.
1145 1141 1142 1146.
1146 1142 1143 1144.
1144 1143 1142 1146.
1150 1156 1157 1152.
1152 1157 1156 1150.
1155 1147 1154 1158.
1158 1154 1147 1155.
1152 1157 1158 1154.
1154 1158 1157 1152.
1156 1160 1161 1157.
1157 1161 1160 1156.
1160 1149 1151 1161.
1161 1151 1149 1160.
1158 1162 1159 1155.
1155 1159 1162 1158.
1162 1153 1148 1159.
1159 1148 1153 1162.
1161 1151 1153 1162.
1162 1153 1151 1161.
1161 1162 1164 1163.
1163 1164 1162 1161.
1162 1158 1165 1164.
1164 1165 1158 1162.
1157 1161 1163 1166.
1166 1163 1161 1157.
1149 1160 1167 1168.
1168 1167 1160 1149.
1160 1156 1169 1167.
1167 1169 1156 1160.
1159 1148 1171 1170.
1170 1171 1148 1159.
1155 1159 1170 1172.
1172 1170 1159 1155.
1158 1157 1166 1165.
1165 1166 1157 1158.
1156 1150 1173 1169.
1169 1173 1150 1156.
1147 1155 1172 1174.
1174 1172 1155 1147.
1154 1147 1174 1175.
1175 1174 1147 1154.
1152 1154 1175 1176.
1176 1175 1154 1152.
1148 1153 1177 1171.
1171 1177 1153 1148.
1153 1151 1178 1177.
1177 1178 1151 1153.
1150 1152 1176 1173.
1173 1176 1152 1150.
1151 1149 1168 1178.
1178 1168 1149 1151.
1163 1164 1177 1178.
1178 1177 1164 1163.
1164 1170 1171 1177.
1177 1171 1170 1164.
1165 1172 1170 1164.
1164 1170 1172 1165.
1167 1163 1178 1168.
1168 1178 1163 1167.
1169 1166 1163 1167.
1167 1163 1166 1169.
1176 1175 1165 1166.
1166 1165 1175 1176.
1175 1174 1172 1165.
1165 1172 1174 1175.
1173 1176 1166 1169.
1169 1166 1176 1173.
1179 1180 1181 1182.
1182 1181 1180 1179.
1183 1186 1185 1184.
1184 1185 1186 1183.
1188 1183 1184 1187.
1187 1184 1183 1188.
1187 1184 1185 1189.
1189 1185 1184 1187.
1189 1185 1186 1190.
1190 1186 1185 1189.
1179 1192 1191 1180.
1180 1191 1192 1179.
1192 1188 1187 1191.
1191 1187 1188 1192.
1180 1191 1193 1181.
1181 1193 1191 1180.
1191 1187 1189 1193.
1193 1189 1187 1191.
1181 1193 1194 1182.
1182 1194 1193 1181.
1193 1189 1190 1194.
1194 1190 1189 1193.
1188 1192 1194 1190.
1190 1194 1192 1188.
1194 1192 1195 1196.
1196 1195 1192 1194.
1182 1194 1196 1197.
1197 1196 1194 1182.
1192 1179 1198 1195.
1195 1198 1179 1192.
1188 1190 1200 1199.
1199 1200 1190 1188.
1190 1186 1201 1200.
1200 1201 1186 1190.
1183 1188 1199 1202.
1202 1199 1188 1183.
1186 1183 1202 1201.
1201 1202 1183 1186.
1179 1182 1197 1198.
1198 1197 1182 1179.
1195 1198 1197 1196.
1196 1197 1198 1195.
1202 1199 1200 1201.
1201 1200 1199 1202.
